Genome	No_of_CDSs	Length_total	Length_mean	Length_median	Length_sd	GC_mean	GC_median	GC_sd	GC1_mean	GC1_median	GC1_sd	GC2_mean	GC2_median	GC2_sd	GC3_mean	GC3_median	GC3_sd
GCF_000006175.1_ASM617v2	1693	1541988	910.802126402835	783	624.466782809426	0.311998236467337	0.313364055299539	0.0415715555956894	0.40580572971366	0.406143344709898	0.062172598244885	0.304761632313856	0.303571428571429	0.0599578237619967	0.225427390849248	0.225274725274725	0.0396475880303812
GCF_000006805.1_ASM680v1	2665	2286085	857.818011257036	738	560.859986494176	0.661178101122981	0.675977653631285	0.0630587738687372	0.689297952955721	0.692946058091286	0.0653826623350958	0.456752970296315	0.454945054945055	0.0672978877661461	0.837482960455457	0.884615384615385	0.114381507641267
GCF_000007005.1_ASM700v1	3163	2600769	822.247549794499	741	522.178014596002	0.363228771232676	0.358974358974359	0.046551023253124	0.427164943307206	0.43042071197411	0.0547504566290763	0.331502619831684	0.330188679245283	0.0562055535329496	0.331019134385643	0.306625577812018	0.0966291643990186
GCF_000007065.1_ASM706v1	3440	3127739	909.226453488372	768	661.287182831779	0.434108577285597	0.444444444444444	0.0517869230665604	0.509630719482234	0.520648038829857	0.0702936972387865	0.364369997869277	0.366465251380621	0.0540665891028808	0.428325940495434	0.438797037802463	0.0781760226546539
GCF_000007225.1_ASM722v1	2496	1959875	785.206330128205	663	543.483805084173	0.515079481670399	0.518181818181818	0.0484602403896674	0.549760188813366	0.553051464364314	0.0539177740155272	0.405834441493032	0.405172413793103	0.0562009363590403	0.589646139282666	0.595993043012911	0.0831663125308625
GCF_000007305.1_ASM730v1	2053	1753902	854.311738918656	759	540.896953108999	0.408460460441226	0.407088122605364	0.0358821222691947	0.490589490213979	0.493630573248408	0.0505698093742384	0.343256563050626	0.342696629213483	0.0507472522729581	0.391535417181184	0.379084967320261	0.0730980712383682
GCF_000008265.1_ASM826v1	1565	1427108	911.890095846645	810	596.630826736329	0.367550088506607	0.368703108252947	0.0445579907471546	0.413587794668052	0.413793103448276	0.0585134736195092	0.324659824200873	0.325301204819277	0.0524230891876419	0.364402655516553	0.364341085271318	0.0610361202637646
GCF_000008645.1_ASM864v1	1823	1576221	864.63027975864	747	590.728198037302	0.500098093963129	0.5075	0.0422109546261863	0.546738165210081	0.554376657824934	0.0588248181397038	0.393951339778943	0.395918367346939	0.0547541528964191	0.559605429754556	0.569230769230769	0.0774235557057303
GCF_000008665.1_ASM866v1	2431	2025793	833.316742081448	732	548.161534912335	0.487097264244655	0.495833333333333	0.0402056102405239	0.5241074457277	0.52914798206278	0.050634159722994	0.362000447752942	0.363636363636364	0.0534370108856668	0.575185319988676	0.588357588357588	0.0747413169160778
GCF_000009185.1_ASM918v1	2822	2455724	870.206945428774	726	819.315927374354	0.490376961192696	0.484585475981437	0.0416917846510431	0.607954411878761	0.615071063292821	0.0586482380635451	0.431533630020856	0.431962441314554	0.0578519089047456	0.431646854581878	0.397244455692999	0.1013444849101
GCF_000009965.1_ASM996v1	2275	1911945	840.415384615385	717	578.703382074616	0.524167049276423	0.530555555555556	0.0433127768208138	0.554345091477183	0.558558558558559	0.0500398952573759	0.364252301273757	0.364532019704433	0.0522052731528681	0.653904910301366	0.665573770491803	0.0908479582301199
GCF_000011005.1_ASM1100v1	2975	2564308	861.952268907563	744	563.42387335824	0.567129135386709	0.579100992410975	0.0598466851992117	0.555432065152076	0.560606060606061	0.0574756087831918	0.395711004032311	0.392927308447937	0.0627768192260927	0.750244724397593	0.775193798449612	0.120263776139923
GCF_000011085.1_ASM1108v1	4260	3670435	861.604460093897	738	593.148285500728	0.617476688374956	0.625409853688952	0.046761269015257	0.670250501894469	0.674777014760439	0.0570393013325128	0.440110555111021	0.439252336448598	0.0585296789665264	0.74206995308527	0.761261261261261	0.0918225819797396
GCF_000011105.1_ASM1110v1	1852	1612572	870.719222462203	765	623.458406515309	0.418594020682655	0.419877417903734	0.0329912610033242	0.488216930160843	0.49	0.0511455557847282	0.342307117772804	0.3426682351916	0.0507608922995606	0.42525953138595	0.420859163231811	0.0646021076559426
GCF_000011185.1_ASM1118v1	1578	1383476	876.727503168568	757.5	599.961572869211	0.406788175828895	0.410768500948767	0.0377903963212019	0.462721362005662	0.467221779364364	0.0533408349739617	0.348738998886058	0.350057208237986	0.048955113388082	0.408903972135616	0.408119094704461	0.0639154906459844
GCF_000011205.1_ASM1120v1	2900	2326253	802.156206896552	678	537.75160559487	0.332079361677343	0.330649483110327	0.0397745933858006	0.422396370892568	0.426061229740159	0.0550656110228036	0.319716236028957	0.31979476064915	0.0569230515456139	0.254125325178941	0.237037037037037	0.0752818584255357
GCF_000011585.1_ASM1158v1	1728	1478169	855.421875	753	535.334799621372	0.336968676716092	0.338835407017225	0.0365066562400616	0.441932830686523	0.444444444444444	0.0586804304248985	0.316549453501122	0.315058859796158	0.0557016756192167	0.252423770856841	0.25	0.0414919179879204
GCF_000012285.1_ASM1228v1	2278	1948568	855.385425812116	747	547.848670556513	0.370786772939942	0.370623590123915	0.0368543064832397	0.44229576030247	0.445888081944503	0.0501824534808774	0.333185815627641	0.333333333333333	0.0512464992228943	0.336878559937268	0.329793499235646	0.0737137083432562
GCF_000012545.1_ASM1254v1	1536	1486979	968.085286458333	789	874.11100146626	0.290233492614941	0.291989633410489	0.0359260661819013	0.421950681886652	0.42692858717214	0.0744231701607355	0.312716023908467	0.316404650781954	0.0604095804643435	0.136035371848269	0.131503759398496	0.0389055374450226
GCF_000013445.1_ASM1344v1	3361	3144066	935.455519190717	762	702.887374470841	0.455320115910288	0.463244613434728	0.0512132186697099	0.534217146557876	0.540901502504174	0.0621839478222023	0.386798039114268	0.388316151202749	0.0550830942436992	0.444946808109994	0.453488372093023	0.08144583255151
GCF_000013725.1_ASM1372v1	2509	2193121	874.101634117178	759	604.042895340392	0.415569781673688	0.424137931034483	0.0473518502416703	0.500835125944645	0.509803921568627	0.0670328320113281	0.355089963055878	0.356294536817102	0.0497128241483344	0.390783284809342	0.399014778325123	0.0732584703838976
GCF_000015145.1_ASM1514v1	1720	1412338	821.126744186046	714	564.637624075033	0.535681363328832	0.535375882721016	0.0468875046177478	0.605573191520665	0.609181216134859	0.0569173268774519	0.422056864316768	0.421829163925262	0.0564151969823607	0.579414415241953	0.577321642088481	0.0857171020884984
GCF_000015205.1_ASM1520v1	2033	1615704	794.738809640925	684	541.636701208861	0.492602878449822	0.474747474747475	0.0743426774213382	0.553256315197981	0.552941176470588	0.0607472953157839	0.401115757606719	0.398550724637681	0.0623909543415169	0.52343898080083	0.481203007518797	0.141483818154658
GCF_000015225.1_ASM1522v1	1866	1624788	870.733118971061	768	548.284646085506	0.579048647708089	0.578244538348938	0.0519029899929978	0.596746121177335	0.596059113300493	0.0541319918665204	0.412459413991194	0.411764705882353	0.0507269224255564	0.727940407955738	0.732173120504483	0.096061973798075
GCF_000015765.1_ASM1576v1	1815	1596109	879.398898071625	768	582.732239406168	0.507246262212327	0.513556618819777	0.0474695321576143	0.556455696107537	0.562091503267974	0.0540244306965241	0.397244107711855	0.399293286219081	0.048088282209496	0.568038100566437	0.575	0.0917689320682826
GCF_000015825.1_ASM1582v1	2457	2147800	874.155474155474	756	575.170506021561	0.625686721116348	0.634328358208955	0.0504801871695484	0.635569262260082	0.639130434782609	0.058712994401335	0.436262634119228	0.436170212765957	0.057776405291956	0.805229345631841	0.828571428571429	0.0881636270040547
GCF_000015945.1_ASM1594v1	1598	1373106	859.265331664581	735	577.846707587631	0.359133926379601	0.359335989540924	0.0356748113460154	0.452272106332691	0.454918032786885	0.0595620269107794	0.338326148988365	0.339346729580215	0.0528878659790931	0.286803523817745	0.281607802938527	0.0495493537790008
GCF_000016125.1_ASM1612v1	1848	1567310	848.111471861472	732	556.827121682922	0.335752774785166	0.336712853827458	0.0383651966518886	0.436693324838029	0.438020042514425	0.0608950827504711	0.312455890788765	0.311289406266414	0.0563340391101967	0.258110541135857	0.255834904672114	0.0453454110632007
GCF_000016385.1_ASM1638v1	2372	1884478	794.467959527825	669	553.114246900573	0.551960921185662	0.555555555555556	0.0542320960165812	0.577010081313826	0.58	0.0567404988863115	0.413465586279085	0.411764705882353	0.0608610134469526	0.665408020031959	0.671958005249344	0.100327332648064
GCF_000016525.1_ASM1652v1	1749	1672370	956.186392224128	771	912.141813727554	0.319263060245074	0.323399558498896	0.0352365170116005	0.434249991565784	0.43728813559322	0.0638040551752657	0.318197695374132	0.319327731092437	0.0582415473801481	0.205340967890697	0.204946996466431	0.0435915305777004
GCF_000016605.1_ASM1660v1	2327	1956262	840.67984529437	726	537.950958811586	0.46464244732997	0.468441814595661	0.0428862583957348	0.498768009385365	0.502857142857143	0.0510701748294349	0.367466531209362	0.369627507163324	0.0510127483241872	0.527693414103583	0.531746031746032	0.0824560424947596
GCF_000017165.1_ASM1716v1	1703	1492360	876.312389900176	765	562.85653111884	0.320475197715053	0.319548872180451	0.0391797183591709	0.425716962509272	0.425196850393701	0.0591107730934641	0.310983706154843	0.30952380952381	0.05562568609348	0.224723162731368	0.219512195121951	0.0445003454149365
GCF_000017185.1_ASM1718v1	1503	1331832	886.115768463074	786	559.111075110998	0.311220554490051	0.311447811447811	0.0383146772410781	0.405950009695221	0.406374501992032	0.0637444422145104	0.304769534388178	0.302127659574468	0.0582655503200133	0.222943032157867	0.220858895705521	0.0370944402639463
GCF_000017225.1_ASM1722v1	1808	1555679	860.441924778761	745.5	567.550508201002	0.338852900865235	0.340478816285268	0.0377493158030478	0.440870194195463	0.443769761425697	0.0598445922320386	0.316654262045154	0.316534250860181	0.0559041507284355	0.259035318618569	0.255964938718103	0.0442634083102854
GCF_000017625.1_ASM1762v1	2535	2204910	869.786982248521	729	635.372132092139	0.550313191068634	0.558558558558559	0.0498660152708361	0.583646282583405	0.589403973509934	0.0618614525864344	0.422157292683648	0.420731707317073	0.0600875068134368	0.645136593030648	0.660044150110375	0.0880081367704889
GCF_000017945.1_ASM1794v1	1457	1213179	832.655456417296	720	549.207671694186	0.562439667091669	0.565292096219931	0.0406688924135551	0.545399931644247	0.546511627906977	0.0509246520091647	0.387377981459317	0.386740331491713	0.0566286582688662	0.754541702838268	0.761904761904762	0.0696354622541367
GCF_000018305.1_ASM1830v1	2023	1837344	908.227385071676	825	575.296762279995	0.435374265387799	0.437556154537287	0.0337196219205997	0.478431593221979	0.482517482517482	0.0493433823435475	0.379786952141903	0.380434782608696	0.0467999442426693	0.447903998589485	0.448275862068966	0.055732766892709
GCF_000018365.1_ASM1836v1	1972	1683209	853.554259634888	741	556.714068103786	0.517369484575871	0.523276652496457	0.0399938333034556	0.548828435341676	0.552925614690321	0.0489935916117875	0.361719453207263	0.362524900398406	0.0503761089793037	0.641562498417063	0.65352404885746	0.0852466168981684
GCF_000018485.1_ASM1848v1	1833	1538232	839.18821603928	720	562.19256521683	0.339611835122993	0.341438703140831	0.0379875108872841	0.440868905118812	0.441780821917808	0.0582914490436527	0.314464141637401	0.314553990610329	0.0561677264636056	0.263502967361719	0.261627906976744	0.0463769012180576
GCF_000019605.1_ASM1960v1	1655	1459801	882.05498489426	783	578.507691157308	0.493662679484716	0.495726495726496	0.0305627841467951	0.506790976577949	0.509043927648579	0.0457179007781454	0.389843757936923	0.391498881431767	0.0448184835932048	0.584353136475377	0.589247311827957	0.059882141599805
GCF_000020905.1_ASM2090v1	1408	1206856	857.142045454545	744	554.877863963575	0.454755173712796	0.451900505597689	0.0377661708919857	0.499856583098499	0.502681138585394	0.048493212115432	0.374886365600231	0.375	0.0463651008581014	0.489525158576774	0.480637859018334	0.0714599151247293
GCF_000021965.1_ASM2196v1	2769	2521115	910.47851209823	753	709.755285559654	0.559163491602367	0.568627450980392	0.0605733682649555	0.582737373108584	0.588607594936709	0.0676891125778209	0.419361145366603	0.420062695924765	0.0598047338785505	0.675390510844098	0.693333333333333	0.111555589308148
GCF_000022205.1_ASM2220v1	3595	3155376	877.712378303199	756	607.766023106165	0.646561904165273	0.664488017429194	0.065003028144319	0.683338011845531	0.688925081433225	0.068206788649506	0.448190101411626	0.444444444444444	0.0668907700119926	0.808159656269119	0.858757062146893	0.123234557774799
GCF_000022365.1_ASM2236v1	2148	1901066	885.040037243948	751.5	717.964483008762	0.537774760658522	0.545611791627406	0.0399020106521615	0.558055584924441	0.562117720336344	0.0487487525345434	0.370889102765775	0.372122460994996	0.0513278181556126	0.684382141978438	0.7	0.0828880483569608
GCF_000022385.1_ASM2238v1	2971	2439923	821.246381689667	720	544.948230837076	0.353922372358616	0.354723707664884	0.0377643933037483	0.423521027048941	0.427385892116183	0.0556958568646574	0.327410900521503	0.326923076923077	0.0553660195288325	0.310834806740746	0.30050505050505	0.0652045578120491
GCF_000022405.1_ASM2240v1	2829	2336674	825.971721456345	723	548.282504735645	0.353730046051676	0.354235423542354	0.0377975634852569	0.423254455899381	0.426315789473684	0.0548805019624576	0.328742396633424	0.328083989501312	0.0550701218164961	0.309190275372699	0.298924731182796	0.0660244756117672
GCF_000022425.1_ASM2242v1	2871	2397306	835.007314524556	732	553.216896065929	0.35298036697208	0.353120243531202	0.0384663215428195	0.422917707749797	0.425373134328358	0.0549473170135553	0.328362904701336	0.327272727272727	0.0556368595966742	0.307658804503124	0.297872340425532	0.0679203851569376
GCF_000022465.1_ASM2246v1	2931	2417986	824.969634936882	726	544.446167008714	0.356398719027818	0.355555555555556	0.0394876349987522	0.424406883879774	0.427184466019417	0.0555021109945039	0.329191562023606	0.32843137254902	0.0542820501510716	0.31559571722535	0.302059496567506	0.0724338404819251
GCF_000022485.1_ASM2248v1	3105	2534406	816.233816425121	727	523.685640021611	0.356700895558128	0.356009070294785	0.0408226696177439	0.424416048699026	0.42668863261944	0.0554994950792735	0.330131779615709	0.329059829059829	0.0549179439095494	0.315552278414986	0.30241935483871	0.0738185515747858
GCF_000022545.1_ASM2254v1	1966	1679770	854.40996948118	754.5	539.320572272781	0.403630105327789	0.4	0.0378304134592486	0.494286766248854	0.496415724563207	0.0503528245111374	0.337227041617181	0.335065040211583	0.0518068723875748	0.379377247846697	0.363636363636364	0.0759825691310112
GCF_000023945.1_ASM2394v1	2947	2728639	925.903970139125	774	673.136802890127	0.634421019682819	0.642676767676768	0.0442570305655317	0.679982978948537	0.685185185185185	0.0564035971372893	0.440447663915435	0.440425531914894	0.0561575669057657	0.782833052433702	0.798561151079137	0.0847540407283912
GCF_000023965.1_ASM2396v1	3284	2870800	874.177831912302	762	577.625317709939	0.662337804507587	0.670832064585139	0.0471801010933518	0.693793854558277	0.700225910765248	0.0596303524309056	0.449774808411943	0.448442050760483	0.0631703989618747	0.843448223823451	0.86734693877551	0.0822909084559864
GCF_000023985.1_ASM2398v1	1595	1363839	855.071473354232	756	535.76144165701	0.323897459606847	0.324018629407851	0.0362153535534156	0.418233148618093	0.421276595744681	0.0601986871677105	0.298560233336129	0.295719844357977	0.0575392963533487	0.254901493408926	0.253358925143954	0.0438871835446941
GCF_000024185.1_ASM2418v1	2217	2275353	1026.32070365359	777	1140.70203559743	0.357703194989755	0.362030905077263	0.0454102258627485	0.446722391258122	0.451063829787234	0.0669796552035869	0.319078583109263	0.322033898305085	0.0613817558818164	0.307307501016058	0.306451612903226	0.0751219242686937
GCF_000024625.1_ASM2462v1	1715	1492407	870.208163265306	747	608.957363377548	0.325770252155397	0.326241134751773	0.0389905193441439	0.419646153905819	0.423780487804878	0.063861802353269	0.297781480399263	0.29585798816568	0.0564333086572384	0.259885287124177	0.257575757575758	0.0457712760634265
GCF_000024745.1_ASM2474v1	2874	2331890	811.374391092554	729	516.471537446553	0.362569835799127	0.357142857142857	0.0481890081298837	0.428538848024716	0.432781546811398	0.0546284653634759	0.330615122657159	0.329530996992829	0.0557953285856228	0.328556256425327	0.302288192626935	0.101109830430797
GCF_000025285.1_ASM2528v1	1805	1450622	803.668698060942	675	551.776571299421	0.419719195589914	0.422165820642978	0.0328975850126867	0.48122536073378	0.485119047619048	0.0503401894834025	0.334839512808949	0.33469387755102	0.0518718534618696	0.443092515676564	0.443223443223443	0.0622107227241257
GCF_000025325.1_ASM2532v1	5167	4502529	871.401006386685	768	594.11745305824	0.648420007527288	0.658959537572254	0.0513509684471246	0.681170137799922	0.6875	0.0598969048131722	0.443002560203228	0.441326530612245	0.0619582873619679	0.821091039179362	0.856031128404669	0.101132029400232
GCF_000025505.1_ASM2550v1	2521	2027393	804.201904006347	690	543.831275710415	0.441097336097552	0.445820433436532	0.037528543823089	0.493074447771395	0.497835497835498	0.0515766034575216	0.336906960390655	0.337349397590361	0.0523676767797277	0.493311444221665	0.502487562189055	0.0691747877059657
GCF_000025525.1_ASM2552v1	1820	1564316	859.514285714286	742.5	593.508023406157	0.322134707881451	0.322356371698477	0.0377934992915368	0.413810783037856	0.416666666666667	0.0604938525995024	0.294975136404176	0.293657397158844	0.058754907007501	0.257618122923502	0.256024970963995	0.0439912885628474
GCF_000025625.1_ASM2562v1	4154	3704427	891.773471352913	786	593.137076958384	0.61653187815274	0.625930544010344	0.0451590419782384	0.670933246623071	0.677777777777778	0.0568453020208953	0.437050781576087	0.435057251908397	0.0598877363333794	0.741612721096064	0.762617921227221	0.0906565288471055
GCF_000025665.1_ASM2566v1	1528	1410535	923.125	771	679.980204614312	0.393163418321022	0.393966693966694	0.0358206842760059	0.465907335110958	0.466317821233256	0.0531788854934386	0.331659903698916	0.333333333333333	0.0514318771119833	0.381922954122887	0.377616972588734	0.0606376903985688
GCF_000025685.1_ASM2568v1	3964	3458296	872.425832492432	774	566.759645604405	0.661812366253158	0.672792255304778	0.0556824801078665	0.68762454734476	0.691115487455369	0.0621426967159279	0.450491753910044	0.446043165467626	0.0662064490564625	0.847323621649814	0.886196651900873	0.103442363917794
GCF_000025865.1_ASM2586v1	1986	1799750	906.218529707956	775.5	670.902844891629	0.430853080120494	0.434711839884254	0.0414534095685099	0.522722925320903	0.529810517038778	0.0575752970154162	0.364027805325175	0.365714614162695	0.0475981595909592	0.405808433254271	0.407465459189597	0.0665926044397973
GCF_000026045.1_ASM2604v1	2768	2466165	890.955563583815	748.5	609.681139604362	0.63592778998561	0.640957365192	0.0394201073085468	0.693302836112167	0.697978060164208	0.0529936632816017	0.444083056518132	0.441805443638643	0.0599023116031994	0.770397402038369	0.785185185185185	0.069141581086946
GCF_000063445.1_ASM6344v1	3103	2675071	862.091846600064	753	550.521322832755	0.55932923905334	0.569124423963134	0.052657596251506	0.557844390178742	0.562913907284768	0.0579778856514103	0.402756924003699	0.399159663865546	0.0585436767316688	0.717387034909232	0.737547892720307	0.106382517446543
GCF_000069025.1_ASM6902v1	2744	2369572	863.546647230321	729	583.547911934266	0.65925080423299	0.674132223113965	0.0629850467123405	0.687903941149167	0.69282161101073	0.0656181788293673	0.457326906516385	0.455486003967379	0.0668603360423009	0.832521602972932	0.881578947368421	0.115967980355949
GCF_000091665.1_ASM9166v1	1821	1530210	840.313014827018	714	604.137459606464	0.315000320963704	0.316358024691358	0.0385860237691672	0.407257726324689	0.408450704225352	0.0627717075524551	0.291353346967738	0.289115646258503	0.0599389582891218	0.246390799991728	0.243243243243243	0.045163113632009
GCF_000092185.1_ASM9218v1	1368	1188855	869.046052631579	753	558.149605199151	0.467371670908294	0.464600534482071	0.0414724465929217	0.504747033015133	0.507160924254854	0.0494025239263298	0.370056485397622	0.369471730146736	0.0460459947359541	0.527311494312125	0.515789473684211	0.0773541737899105
GCF_000092305.1_ASM9230v1	1458	1238449	849.416323731139	753	523.85405102492	0.335471422690814	0.340185582984118	0.038894381613948	0.419464052379015	0.423018824076226	0.0613388721824448	0.298008977198602	0.295454545454545	0.0580516836135636	0.288939574523458	0.295110428051002	0.0510459002967141
GCF_000092465.1_ASM9246v1	1586	1375833	867.486128625473	754.5	569.776140774697	0.369420004944245	0.369200876578151	0.0351032476125409	0.457652385617835	0.460767583483906	0.0574736099083011	0.343836710595971	0.345711846598371	0.0521481880547468	0.306770918618928	0.299626830484043	0.050254672211779
GCF_000144915.1_ASM14491v1	1480	1364395	921.888513513514	816	578.342571687682	0.572884448334857	0.573184442176437	0.0537499063948754	0.56720930274737	0.567901234567901	0.0502337803992921	0.425513370982479	0.426006441223833	0.0546931539956707	0.725930807241626	0.734185981439164	0.107071824048968
GCF_000145295.1_ASM14529v1	1723	1489748	864.624492164829	741	590.243879617008	0.491370435651123	0.497942386831276	0.0421272884570237	0.544895492077828	0.552287581699346	0.0586966617917181	0.388445979559329	0.392557022809124	0.0514659623532434	0.540769278538539	0.548821548821549	0.0759361927699008
GCF_000147875.1_ASM14787v1	2814	2497113	887.389125799574	771	577.567699522667	0.480468010058717	0.488041642272155	0.0575141247970504	0.519676452733959	0.524883046506213	0.0568599476900999	0.379917144739412	0.380867649550924	0.0534087378436955	0.54181016827088	0.552433570113128	0.110793939600377
GCF_000148385.1_ASM14838v1	2420	2108856	871.428099173554	768	543.991694247433	0.457731989635822	0.460434322033898	0.0440874419172615	0.490436374920828	0.493871290847627	0.053386647115494	0.376722103029504	0.377690122580048	0.0477608014220181	0.506037490957134	0.507281724991163	0.0730105061986881
GCF_000151105.2_ASM15110v2	2204	1902958	863.411070780399	750	584.387088698128	0.417477224258524	0.41543128494348	0.0367685640086656	0.494913607177136	0.497126341866226	0.0488552413541937	0.334806977318395	0.333333333333333	0.0503340152210012	0.422710100800724	0.415730337078652	0.0696959575421908
GCF_000151205.2_ASM15120v2	2250	1934991	859.996	720	648.825193748428	0.549892179859021	0.562789831335825	0.0457750332880734	0.560802213421307	0.566245112901939	0.0521782381668416	0.371103795676141	0.372881355932203	0.0501360285048486	0.717769949376126	0.745398080180689	0.0979781608562549
GCF_000152265.2_ASM15226v2	1900	1703363	896.506842105263	790.5	573.791036172322	0.3702371613983	0.376055021367521	0.0411466722967192	0.43065552052462	0.436933996899731	0.0580891064863799	0.330268668379909	0.331927207425056	0.0517656665671624	0.349787349950917	0.354281341791524	0.0521472601954692
GCF_000166095.1_ASM16609v1	1309	1169510	893.437738731856	780	590.872142272368	0.314092057011087	0.312714776632302	0.0308836819975406	0.428561357671755	0.429906542056075	0.0593278848143217	0.323641145182305	0.322799097065463	0.0509388284213045	0.190074438020785	0.184210526315789	0.0383794557351821
GCF_000172995.2_ASM17299v2	3828	3405549	889.641849529781	774	604.009135087645	0.606423639532286	0.612922919374532	0.0421837989696039	0.662448622266644	0.666666666666667	0.0571959789791587	0.438015528384518	0.436486012452863	0.0588213784169588	0.718807426592743	0.733639574518403	0.0767080126606939
GCF_000179575.2_ASM17957v2	1635	1410821	862.8874617737	756	575.510247393508	0.309923282921681	0.310606060606061	0.0391464935835382	0.401865326013818	0.405263157894737	0.0685034162152755	0.298420271692091	0.298013245033113	0.0601126308125892	0.229483736603403	0.227027027027027	0.0385873249321363
GCF_000186365.1_ASM18636v1	1354	1188563	877.816100443132	768	545.622528167514	0.531332390392653	0.531266025641026	0.0312184928293311	0.554994936002064	0.556766656766657	0.0472729086425524	0.405310530560723	0.404681041780788	0.0454067400849671	0.633692247308104	0.635381048971313	0.0573965104737094
GCF_000189555.1_ASM18955v1	2724	2255186	827.895007342144	729	542.176563144559	0.355503266238454	0.354838709677419	0.0376906030093408	0.425763465613466	0.428571428571429	0.0539721834724671	0.329852351879703	0.327745144880695	0.0559663992546663	0.310891811637342	0.300110375275938	0.0646926811333429
GCF_000190315.1_ASM19031v1	2405	2079627	864.709771309771	768	542.321251681247	0.427691072185979	0.429530201342282	0.0439812444028872	0.473134504674855	0.476997578692494	0.0552431692250543	0.370989725222874	0.371727748691099	0.0493779155454573	0.438949589967296	0.435530085959885	0.0737837813469621
GCF_000191585.1_ASM19158v1	2484	2154080	867.181964573269	733.5	590.886119197818	0.374061379957925	0.379300054538532	0.0372421343030699	0.463945579114795	0.47172945527487	0.0643593249760265	0.337638170681658	0.337807807807808	0.0563641857809369	0.320600311280063	0.324875255811814	0.058478460547333
GCF_000193375.1_ASM19337v1	2114	1749369	827.516083254494	711	549.531396963396	0.598709268036279	0.607501758617224	0.0544859695680303	0.586331658191539	0.593659942363112	0.0594232086520848	0.425257137330709	0.426315462894018	0.0564789051788756	0.784539008586588	0.805306286604831	0.0911965701264209
GCF_000194625.1_ASM19462v1	2101	1714514	816.046644455021	699	546.182298813816	0.473246509147777	0.483014861995754	0.041441023933596	0.528397791011236	0.533980582524272	0.0523699818743831	0.36153648701375	0.363636363636364	0.0518931391151209	0.529805122449608	0.539823008849557	0.076197638202298
GCF_000195895.1_ASM19589v1	3989	3524319	883.509400852344	741	681.443202872102	0.412122416543423	0.419664268585132	0.051846727541713	0.490394893816286	0.502267573696145	0.0762794225284389	0.358821535038707	0.35929648241206	0.0565831073502756	0.387152266598623	0.394366197183099	0.0741678487867066
GCF_000195915.1_ASM19591v1	1540	1385740	899.831168831169	781.5	593.619567653095	0.464897156781892	0.470146425301331	0.0424277845547046	0.488544264396063	0.495145631067961	0.0513257061465529	0.367403219007635	0.370638945233266	0.0486522181092646	0.538743466208861	0.546186005731149	0.0795392809490331
GCF_000195935.2_ASM19593v1	1898	1652253	870.523182297155	756	569.096597244479	0.447442052812439	0.452004960727573	0.036408649135997	0.498105723472252	0.501679461218688	0.0490875635505212	0.344576756588884	0.344920531647923	0.0490281272615925	0.499643628515128	0.502564102564103	0.0732197901835516
GCF_000196655.1_ASM19665v1	2339	2086736	892.148781530569	759	645.454245596283	0.371056291947401	0.374677002583979	0.0392082003453537	0.473292824188103	0.477941176470588	0.0643300357727695	0.337106353502107	0.339416058394161	0.0534742508321971	0.302770118793523	0.298449612403101	0.0582176261043018
GCF_000196895.1_ASM19689v1	3757	3170192	843.809422411499	735	572.036968452631	0.634715440422879	0.652014652014652	0.0604336518495882	0.67365628678884	0.68	0.0608056877433479	0.442367567679508	0.442211055276382	0.0580186865216615	0.788123757818704	0.837748344370861	0.119421546721269
GCF_000204415.1_ASM20441v1	2977	2611555	877.24386966745	744	656.11266738928	0.516390468998355	0.527777777777778	0.0566121199804281	0.546514335744607	0.553191489361702	0.0620631603497531	0.398940121616565	0.39937106918239	0.0525877730556906	0.603718240540311	0.624303963314772	0.105990157402111
GCF_000204925.1_ASM20492v1	1918	1633227	851.526068821689	733.5	545.799502205242	0.422043293573949	0.424528301886792	0.0396700483495572	0.466316200102189	0.469635627530364	0.0497534283615984	0.355968032446516	0.356377234502091	0.0483076155439135	0.443845651150956	0.440136518771331	0.0785897230788375
GCF_000211475.1_ASM21147v1	1984	1719962	866.916330645161	757.5	562.160322322189	0.427040213911727	0.42818568811883	0.0343136393912613	0.492776805535023	0.49585919550084	0.0508065236829315	0.345340592745675	0.34582952708875	0.0499836469754739	0.443003998666768	0.438797037802463	0.0704120601657611
GCF_000213215.1_ASM21321v1	2436	1918032	787.369458128079	654	532.900949874245	0.342937107402634	0.34357160135462	0.0376733573025359	0.425050825948119	0.428188382712116	0.0563723227920155	0.323376419284133	0.32258064516129	0.0566302448502315	0.280384006174533	0.27063246351172	0.0638223270835825
GCF_000214415.1_ASM21441v1	1802	1540714	855.002219755827	763.5	568.976581065279	0.331513717197152	0.333333333333333	0.0406433501046877	0.419341261548314	0.421595124536301	0.0610305230887587	0.300446536102489	0.300101419878296	0.0592027810403266	0.274755243621747	0.275	0.0510997948048648
GCF_000214725.1_ASM21472v1	2388	2013291	843.086683417085	711	589.490752177344	0.379367817294261	0.384877386955025	0.041787319693904	0.473864106677194	0.479747712275329	0.0633844825739279	0.339402190097615	0.339477857061955	0.0555760996039976	0.324838126831835	0.328071611617312	0.064120303894689
GCF_000215995.1_ASM21599v1	1845	1574948	853.630352303523	744	558.380042784652	0.518461246522481	0.529074529074529	0.0446221381798123	0.548830053302269	0.556451612903226	0.0527517784701507	0.369609227636025	0.37	0.0525012349336776	0.63694456193442	0.658959537572254	0.0904709699238218
GCF_000217715.1_ASM21771v1	4178	3708313	887.58089995213	774	594.05007030724	0.657746716010979	0.666666666666667	0.0464074734888217	0.689958155621664	0.695907587924593	0.0570423120912339	0.440341782134885	0.438653084323713	0.0617443996369682	0.842943117021143	0.870967741935484	0.0904090719699955
GCF_000217995.1_ASM21799v1	1991	1861022	934.717227523857	795	656.193541356617	0.399950870015744	0.403281519861831	0.0375980066609918	0.500996810404402	0.506802721088435	0.0574868201000398	0.357990313277517	0.359937402190923	0.0490586289304602	0.340865342064335	0.339130434782609	0.0566950843491435
GCF_000220645.1_ASM22064v1	1828	1559472	853.10284463895	742.5	541.833406022953	0.335706702498089	0.337667974386724	0.0361546460348594	0.439350360757331	0.441820643517044	0.058083376871969	0.315880683196912	0.315492105933282	0.055878831361486	0.251889707421403	0.25	0.042985060190768
GCF_000221185.1_ASM22118v1	2100	1847753	879.882380952381	750	637.731660847496	0.565720782577035	0.574074074074074	0.0399020622975203	0.572178419501347	0.576158940397351	0.048609307726297	0.378317610484329	0.378032433139345	0.0507514038009848	0.746667986972141	0.764867943916187	0.0856550608024639
GCF_000223395.1_ASM22339v1	1916	1610476	840.540709812109	717	570.257970035354	0.54795852197982	0.547200442587611	0.0451672649211588	0.608283348718252	0.610437605458147	0.0529053471277041	0.420063848405302	0.419800207332014	0.0535265790021046	0.615527937312985	0.608893280632411	0.0939168330749203
GCF_000223905.1_ASM22390v1	3787	3367666	889.270134671244	771	586.952899693487	0.631985124617946	0.640224358974359	0.0471713622567642	0.676240605004621	0.680327868852459	0.0553118315032628	0.439693557236473	0.439597315436242	0.0577403348962901	0.780023697511868	0.804147465437788	0.0927665870869913
GCF_000224475.1_ASM22447v1	3600	3129107	869.196388888889	753	600.739257963126	0.627708543836484	0.642072248241675	0.0533467731636885	0.674061798979898	0.681466547192354	0.0660121367072038	0.443231829313186	0.438356164383562	0.0658664786430005	0.765839945082323	0.797812574707148	0.104040062703263
GCF_000226975.2_ASM22697v3	4177	3745824	896.77376107254	777	603.611706912081	0.658122714752622	0.667410714285714	0.048238653099634	0.694347146059335	0.70048309178744	0.0593503823108971	0.444224006343789	0.443037974683544	0.0625675523027836	0.835798492158181	0.864406779661017	0.0891137101289631
GCF_000230715.2_ASM23071v3	3710	3175701	855.98409703504	741	587.294419338066	0.62681597176803	0.633333333333333	0.0411869934061596	0.680811936660282	0.686999084107481	0.056429624541547	0.436379933508264	0.432455532455532	0.062358440578888	0.763258346297414	0.778999052459299	0.077052090667639
GCF_000230735.2_ASM23073v3	4251	3685471	866.965655139967	753	589.69105869303	0.645601596614346	0.658682634730539	0.0567468528650604	0.683603887748641	0.68974358974359	0.0621754123679724	0.446132915070407	0.444168734491315	0.0628743307182301	0.807068361067852	0.849740932642487	0.109076204326346
GCF_000230955.2_ASM23095v3	3242	2782101	858.143429981493	744	563.658173865563	0.669328853632432	0.681699124861334	0.0518358275188612	0.700019588716042	0.705882352941177	0.06171465481628	0.440747484721279	0.438442591890868	0.062485493276163	0.867221009573638	0.902866968986822	0.0992301091686686
GCF_000231015.2_ASM23101v3	1442	1241404	860.890429958391	753	539.286639542579	0.449288496958576	0.45014245014245	0.0296988860696748	0.497643773898479	0.501872764256155	0.0465384600473874	0.372187597863315	0.373095661588431	0.0451698103882054	0.478034154877452	0.477987421383648	0.0536931932697048
GCF_000235565.1_ASM23556v1	2447	2226792	910.008990600736	771	679.668730273636	0.616044903846023	0.632352941176471	0.0674873258065003	0.605243684660555	0.611538461538462	0.067343248998861	0.43248132612698	0.432242990654206	0.063072137516164	0.810408279568482	0.853932584269663	0.125136356010868
GCF_000237865.1_ASM23786v1	2925	2537931	867.668717948718	720	756.932309071047	0.488995373651929	0.484496124031008	0.0413867537548367	0.607614368432374	0.613882863340564	0.0582622221586149	0.428571330294587	0.430147058823529	0.0563467979202847	0.43080535993833	0.397727272727273	0.0989473934049559
GCF_000246985.2_ASM24698v3	2402	2019443	840.733971690258	732	549.08120636384	0.432709852667753	0.432450686929158	0.0417648902599955	0.503399638507242	0.507132682132682	0.0524481590031577	0.344123711653522	0.341964123241359	0.0540032237873732	0.45060692716907	0.444444444444444	0.0831969887110251
GCF_000251105.1_ASM25110v1	2461	2125087	863.505485574969	768	555.292889528538	0.536857465179536	0.55	0.0573796478331285	0.54091675729698	0.549019607843137	0.0599410501561274	0.394589270508205	0.395904436860068	0.0548393052156085	0.675065968072771	0.698275862068966	0.107980349815373
GCF_000253055.1_ASM25305v1	1959	1614141	823.961715160796	717	533.076648370681	0.550293694017734	0.554597701149425	0.0582755332197094	0.559108137315621	0.56359102244389	0.0608141246170375	0.415755282446496	0.416666666666667	0.0571101663053589	0.676017662291086	0.681574239713775	0.096767859677719
GCF_000263735.1_ASM26373v1	1819	1614709	887.690489279824	771	631.220622728267	0.42256890219701	0.422327540810953	0.035181946474993	0.503150774432762	0.505747126436782	0.0496904574032789	0.345980198561129	0.345622119815668	0.0494854125933697	0.418576060903848	0.410557184750733	0.0697627941171716
GCF_000264495.1_ASM26449v1	1407	1242704	883.229566453447	780	552.883895869239	0.556021921352562	0.555123216601816	0.0418378166010428	0.554344704819744	0.557377049180328	0.049476458792007	0.393463004790941	0.391167192429022	0.0489723051605028	0.720258911846054	0.72156862745098	0.0828193958059806
GCF_000265525.1_ASM26552v1	2052	1783147	868.980019493177	744	605.111338454569	0.562694566785646	0.570736383442266	0.0400250246628071	0.569745443311967	0.574858020796181	0.0508075690871456	0.37746781655528	0.377245508982036	0.0501972523463388	0.74087120094141	0.759971590909091	0.0841838277125817
GCF_000275605.1_ASM27560v1	2066	1756654	850.268151016457	750	541.112232496239	0.408591777608974	0.407130873002606	0.0359705290766681	0.490788284746402	0.493611579692006	0.0500837555989426	0.343163053240106	0.342857142857143	0.0508035606003016	0.39182266929683	0.379310344827586	0.0732993320640436
GCF_000281695.1_ASM28169v1	3706	3170093	855.394765245548	738	594.062142148213	0.645945844227418	0.65580015181837	0.0493736733875425	0.682037776599912	0.688524590163934	0.0588390342092978	0.45230834292348	0.45	0.066163073090899	0.803490128410465	0.831874815406325	0.0905497696027854
GCF_000299395.1_ASM29939v1	1978	1510874	763.839231547017	618	579.446149874836	0.336992353492864	0.338120242505004	0.0343073478738106	0.44389810200933	0.445945945945946	0.0566470152912366	0.333823558392682	0.333333333333333	0.0585901795751617	0.233256163105542	0.227518081646522	0.0550481779589006
GCF_000300255.2_ASM30025v2	1600	1480221	925.138125	786	652.082232981846	0.563627396974582	0.573416149068323	0.0500647223146377	0.54628646507425	0.550786047654139	0.0514227680295464	0.398976503173151	0.398416610962567	0.0499809854072277	0.745619455997478	0.763399819420504	0.101833151375889
GCF_000304355.2_Mb_MS2	2604	2306308	885.678955453149	744	642.191368059735	0.609126442448997	0.617283950617284	0.053547006313164	0.626242130984571	0.630769230769231	0.0606260636139447	0.436305622590572	0.433920678674968	0.0619790015287792	0.764833213821972	0.789150084080718	0.0928146578435351
GCF_000306725.1_ASM30672v1	2910	2625628	902.277663230241	765	660.574848788445	0.454071946918488	0.465970568860257	0.0534165873791325	0.514516316881907	0.524243203237403	0.0621867491243138	0.367270626460561	0.369669802745205	0.0522955104304493	0.480428774103347	0.49598009916199	0.0908345549448719
GCF_000306765.2_ASM30676v2	3821	3325593	870.346244438629	741	595.102051373858	0.610272115261963	0.616977225672878	0.0414368424271621	0.663204035572854	0.667701863354037	0.0577534720666134	0.435235469143057	0.434285714285714	0.0567690654668017	0.732377031976539	0.747252747252747	0.0805257297600485
GCF_000317795.1_ASM31779v1	1507	1356415	900.076310550763	807	556.545657791015	0.305067156396384	0.304283054003724	0.0366092355866234	0.393778564926323	0.395953757225434	0.0595245747712102	0.318706392270129	0.318518518518519	0.0550841598679476	0.202716151476278	0.19910514541387	0.0394854776624259
GCF_000327485.1_ASM32748v1	2824	2449093	867.242563739377	726	660.183263568703	0.55851704181037	0.571929824561404	0.0576318308972165	0.579472221157491	0.585714285714286	0.0608892668187561	0.415288695399411	0.415885393849119	0.0584609721943002	0.68079086748815	0.705023118957545	0.112961399473567
GCF_000327505.1_ASM32750v1	1499	1353555	902.971981320881	750	663.01991102734	0.443826081227747	0.448979591836735	0.0406043541080748	0.499858872662222	0.502958579881657	0.0563601798601853	0.347039489125357	0.349056603773585	0.0503713868933199	0.484579420134486	0.493333333333333	0.0694171016235
GCF_000328665.1_ASM32866v1	2574	2349508	912.784770784771	765	678.746391029669	0.427387041203868	0.43414906358885	0.0462525977507791	0.506191857660302	0.513546880213547	0.0612340665214428	0.363107008626196	0.363533757438949	0.050833376193257	0.412861635922718	0.418571988502744	0.0777540728259304
GCF_000328685.1_ASM32868v1	4174	3647414	873.841399137518	762	583.276233761407	0.654937026275102	0.666666666666667	0.0520549941407788	0.693521863730695	0.699442646344112	0.0634355818872754	0.440682468497697	0.43951951214521	0.0654503940132096	0.830607538624591	0.865404523013219	0.0999510305226225
GCF_000338775.1_ASM33877v1	2278	1946277	854.3797190518	747	548.031004408654	0.370793660288018	0.37065671641791	0.0369361320501789	0.442327400355667	0.446035839352958	0.0504777538968204	0.3334500542577	0.333333333333333	0.0514521910195932	0.336603488802413	0.329728781856441	0.0736987221338436
GCF_000340315.1_ASM34031v1	2234	1905275	852.853625783348	747	546.95218106561	0.370382171505402	0.370249446504489	0.0367116768404883	0.442481207381301	0.445765466558315	0.0500437042798772	0.333040581664109	0.333333333333333	0.0511440232254157	0.335624675477189	0.328985975625314	0.0730827479272733
GCF_000350305.1_ASM35030v1	1475	1336527	906.12	777	667.898457780088	0.589027469937213	0.597701149425287	0.0398134160564756	0.5535195165589	0.55863539445629	0.0478357943087974	0.401794479303065	0.399610136452242	0.0491607568012725	0.811768413949674	0.831578947368421	0.0852174274050858
GCF_000364745.1_ASM36474v1	2678	2207120	824.167289021658	725	543.304652893066	0.354615745741773	0.354192773600668	0.0383163561623303	0.425617340648832	0.427645576707727	0.0549812986510285	0.330397997037639	0.3288976638217	0.0562964542934905	0.307828896361534	0.298969072164948	0.0609543665167765
GCF_000385565.1_ASM38556v1	2210	1837055	831.246606334842	726	557.487633148415	0.435694401423492	0.440405929382699	0.0384154295654298	0.489478384372621	0.494163070633659	0.0516042380326433	0.341706691831421	0.342790073775989	0.0522675291258724	0.47589788725512	0.486558751264634	0.073243394575592
GCF_000403645.1_ASM40364v1	3007	2763309	918.958762886598	804	618.505832389208	0.670341746774803	0.676113360323887	0.0382537513665319	0.706738968410153	0.712121212121212	0.0559875222682636	0.449187893730785	0.448548812664908	0.0597244116427711	0.855098997304293	0.87027027027027	0.0707184827717032
GCF_000404165.1_ASM40416v1	1690	1535097	908.341420118343	774	656.793024001401	0.320717973813427	0.324947257383966	0.0381564764339351	0.432846808249971	0.438742593811718	0.0688018820060184	0.315670976525496	0.320082895337243	0.0581527216331434	0.213637668482816	0.209302325581395	0.0569828062590114
GCF_000404225.1_ASM40422v1	1831	1705330	931.365374112507	783	892.59973239734	0.419557201114873	0.420054200542005	0.0403985598691475	0.496094430597083	0.5	0.055197307374368	0.371184919600332	0.373239436619718	0.0487168477354143	0.39139267689001	0.385507246376812	0.0703219527188374
GCF_000446015.1_ASM44601v1	1825	1554729	851.906301369863	750	539.197957098724	0.469807613006984	0.470238095238095	0.0414197047912779	0.530622093907347	0.533127889060092	0.0492598434658761	0.370525579915547	0.37219730941704	0.045901504520927	0.50827516519806	0.505190311418685	0.0784702679764145
GCF_000470655.1_HATI1	3073	2738310	891.086885779369	753	643.238684427263	0.632996276489966	0.644396551724138	0.049531319147756	0.678924704844955	0.685185185185185	0.0588631292686899	0.436702909062573	0.435114503816794	0.0567476589514585	0.783362639944709	0.810457516339869	0.0951196355812041
GCF_000499765.1_Methanobacterium	1996	1692342	847.866733466934	730.5	566.371465442708	0.41208199607289	0.419472457367194	0.0443675118162484	0.504289631858436	0.514591494918526	0.0665130939111866	0.345467036869764	0.346733668341709	0.053405663081249	0.386488812195342	0.392	0.0706549722227638
GCF_000504565.1_ASM50456v2	3804	3377778	887.954258675079	769.5	587.124799217034	0.631598563599644	0.640142092567466	0.0476200717515947	0.675961029959747	0.680161943319838	0.0554652499558671	0.439665601727247	0.43956043956044	0.0578742434740406	0.779171620754562	0.803670773659443	0.0937172123752754
GCF_000517445.1_ASM51744v1	2098	1790868	853.607244995234	747	557.847193979793	0.40440005859045	0.40429216173897	0.0341498559695776	0.492128742321319	0.495933884297521	0.0491052347260281	0.334099153279498	0.332460517657381	0.0498910831069402	0.386972364738022	0.381558704453441	0.0631616184565128
GCF_000517625.1_ASM51762v1	3966	3451688	870.319717599597	768	574.506149367924	0.615976696776512	0.624513500825345	0.0466385387069329	0.663232687927203	0.667931852801475	0.0561546888803265	0.43284811690624	0.432432432432432	0.0558758447107832	0.751851691517584	0.77323761425769	0.0905094078988059
GCF_000585495.1_ASM58549v1	2154	1812176	841.307335190344	729	574.295393138961	0.551789004199864	0.562209245977903	0.0412905236828034	0.566844974669992	0.570807931841025	0.0490199616873463	0.368794832350714	0.371672811393046	0.0505295503366751	0.7197272098799	0.742125496031746	0.0883373397296399
GCF_000591055.1_ASM59105v1	2826	2474585	875.649327671621	726	681.901378041406	0.653425591457184	0.667434369776704	0.0600377968593255	0.686804422735467	0.693877551020408	0.0625123742011282	0.456926986056637	0.455882352941176	0.0672898589951086	0.816548559714394	0.855304534922211	0.107097427214298
GCF_000698785.1_ASM69878v1	2836	2136296	753.277856135402	605.5	587.379913667786	0.53422104982106	0.548551588427844	0.0524396602788657	0.547399984134534	0.553459119496855	0.0549307311843626	0.39759424561943	0.396825396825397	0.057356827581696	0.657668730712452	0.689237451737452	0.110121518361453
GCF_000725425.1_ASM72542v1	1961	1697820	865.792962774095	759	530.300908006091	0.431976056025946	0.435555555555556	0.0336544919599872	0.501895082151876	0.505576208178439	0.0474585916722918	0.338321687493333	0.338912133891213	0.0485503527026542	0.455710919272056	0.458149779735683	0.0651179345168721
GCF_000734035.1_ASM73403v1	2565	2139005	833.92007797271	729	566.093846998868	0.482549561964196	0.492753623188406	0.0436505632081202	0.522727233098757	0.528070175438596	0.0501736247811213	0.359059224922851	0.36094674556213	0.0519994094014017	0.565862598208886	0.584710743801653	0.083314240915568
GCF_000739065.1_ASM73906v1	1653	1437833	869.832425892317	759	552.40437833582	0.309780641239127	0.308880308880309	0.0365702900471232	0.410351866240057	0.4125	0.0620833765068666	0.294968115771405	0.293248945147679	0.0590601085982181	0.224022490056113	0.220238095238095	0.0417461676853535
GCF_000762265.1_ASM76226v1	2367	2036891	860.536966624419	723	588.441435595511	0.430927927851917	0.43859649122807	0.0515175185971265	0.510015208371722	0.519685039370079	0.0683221973667219	0.348141323295747	0.349282296650718	0.0541733845880472	0.434627165546571	0.444139821795751	0.085771998593356
GCF_000769655.1_ASM76965v1	2246	1939349	863.467943009795	738	601.373250754012	0.539441017921657	0.551282051282051	0.0505923170842755	0.56074972468536	0.567313674256563	0.0534178722752864	0.368214957869406	0.369790506898487	0.0532454524081875	0.689360330133048	0.715346853223997	0.104177500113033
GCF_000789255.1_ASM78925v1	2180	1718079	788.109633027523	687	515.349894638981	0.468386298949367	0.471885792110511	0.0425728915340714	0.520014367072149	0.525048262548263	0.0537690242897322	0.357140614049334	0.359189115274169	0.0512293135440139	0.52800333097333	0.526607795199033	0.0816082938281715
GCF_000800805.1_ASM80080v1	1398	1344575	961.78469241774	780	832.75947789627	0.493419562134733	0.498651311245374	0.0376529965700306	0.505363821023026	0.508866251650632	0.0465055575599941	0.382967909992948	0.38214694344557	0.0497621863066319	0.591926509087263	0.602150537634409	0.0719520820405713
GCF_000812185.1_ASM81218v1	1421	1142824	804.239268121042	684	538.958589337167	0.333654485777045	0.332344213649852	0.0370572653661073	0.452136386294255	0.453194650817236	0.0570619173041762	0.337022147274896	0.335038363171355	0.0571900470491958	0.211804653368643	0.203065134099617	0.0567840844872749
GCF_000813245.1_ASM81324v1	1863	1561996	838.430488459474	732	537.697347553617	0.468473414854932	0.469798657718121	0.0422862913994671	0.529174621230778	0.533333333333333	0.0505157515310601	0.371092268613629	0.371428571428571	0.0478193834448091	0.505153645768263	0.501818181818182	0.0800550487409571
GCF_000816105.1_ASM81610v1	2076	1759695	847.637283236994	729	570.815352532147	0.531405700369071	0.538009182546258	0.0415753671581472	0.556779232233686	0.561559390055408	0.048186297975579	0.368199651192746	0.369203198235456	0.0506835253489646	0.669237255105205	0.680681122969207	0.0910061600540102
GCF_000827835.1_ASM82783v1	4095	3634515	887.549450549451	762	603.127322062706	0.627522706864248	0.637310606060606	0.0496743477709498	0.672247306349794	0.676328502415459	0.0578385345906477	0.440851815577858	0.439153439153439	0.0630681106914284	0.769473826778049	0.796296296296296	0.0990147139617183
GCF_000828555.1_ASM82855v1	1826	1558957	853.755202628697	741	552.216085150501	0.335883523166051	0.337237583205325	0.0361239861814532	0.440074291923707	0.442111036257795	0.0578490940138596	0.315970041388423	0.315149393305632	0.055799718437909	0.25160690159492	0.25	0.0421820488089502
GCF_000828575.1_ASM82857v1	1763	1561796	885.874078275667	753	652.593282282492	0.498984167039616	0.506802721088435	0.0437655332623352	0.547699029112336	0.55511811023622	0.0589722222417808	0.390748980431114	0.394293125810636	0.053109538032313	0.558505353724731	0.569230769230769	0.0798620395459635
GCF_000953115.1_DSM1535	2379	2067947	869.250525430853	735	613.755103126218	0.430296381925677	0.438967136150235	0.0522410950639005	0.509849157005007	0.519685039370079	0.0689292001887919	0.348080576882244	0.349315068493151	0.0545340677682968	0.432958478046024	0.443243243243243	0.0871063975234908
GCF_000955905.1_ASM95590v3	1814	1476023	813.684123484013	672	612.048526497746	0.411838278322872	0.416666666666667	0.0326507197352417	0.483261483463138	0.487076324658165	0.0506829598918341	0.355119095501396	0.355167810831426	0.0528864254250014	0.39713465718081	0.401546707275197	0.0618742306907277
GCF_000956175.1_ASM95617v1	2099	1608557	766.34444973797	624	581.512632564133	0.336974954543661	0.337662337662338	0.0344877315544368	0.44469156182136	0.445205479452055	0.0583788887970048	0.333562673928476	0.333333333333333	0.0609567978329043	0.232671702214564	0.227272727272727	0.0546465745506166
GCF_000968355.1_ASM96835v1	2920	2383468	816.256164383562	732	520.518756048983	0.362913217427502	0.35737283675428	0.0481701858100754	0.428639541702048	0.43298969072165	0.0544823971438333	0.330943195789756	0.32979992979993	0.0561170813851015	0.329157520447876	0.302752293577982	0.101255595093894
GCF_000968395.1_ASM96839v1	2873	2347680	817.152801949182	729	520.60489308832	0.363131392495951	0.357669616519174	0.0479811391350506	0.430141532640684	0.433179723502304	0.0552484181199534	0.329139129291264	0.328571428571429	0.0545072850701213	0.33011297537152	0.302521008403361	0.102805977890605
GCF_000968435.1_ASM96843v1	2916	2383006	817.217421124829	732	520.364786336807	0.363037358007993	0.357487922705314	0.0480946655428301	0.428752886385559	0.433035714285714	0.0542893531893173	0.331102904337293	0.33	0.0560214508255913	0.329256761960704	0.302941220924081	0.101321199177948
GCF_000969885.1_ASM96988v1	2686	2369627	882.214072970961	763.5	607.551864859796	0.431753559872572	0.438492063492063	0.0423350876295906	0.515006411846915	0.524590163934426	0.0640463075561504	0.368246870115773	0.37067816091954	0.050495720358949	0.412009537367661	0.416578576462297	0.0636607902538723
GCF_000969905.1_ASM96990v1	3709	3321888	895.629010514964	762	647.809165218522	0.417914345942649	0.426041666666667	0.0504486524258596	0.498251117418916	0.509677419354839	0.0734183502906366	0.359991345575029	0.361355081555834	0.055103141269049	0.395500574286565	0.402439024390244	0.0736685668412825
GCF_000969945.1_ASM96994v1	3695	3312110	896.376184032476	762	646.956124596772	0.419513134487181	0.427230046948357	0.0499496413672847	0.499916328247148	0.510752688172043	0.0726683967690522	0.360669189061128	0.361386138613861	0.0554186168505538	0.39795372612161	0.404255319148936	0.0727917043732737
GCF_000969965.1_ASM96996v1	3639	3111669	855.089035449299	720	635.354907497082	0.432999724556902	0.443569553805774	0.0540638622419328	0.503956373332406	0.515873015873016	0.0734402334337312	0.362845311106084	0.363636363636364	0.0554867197743646	0.43219786588106	0.441011235955056	0.0847499275022494
GCF_000969985.1_ASM96998v1	4017	3553152	884.528752800597	741	679.994436739212	0.412157937631908	0.41994750656168	0.052021498731546	0.490432753364515	0.502564102564103	0.0764704164569254	0.358567877402	0.359281437125749	0.0566548815302612	0.387475555214013	0.394456289978678	0.0741322039006539
GCF_000970005.1_ASM97000v1	3444	2941628	854.131242740999	724.5	630.586686949885	0.434633797887427	0.445623416830847	0.0543703394175787	0.505843082210883	0.519502568738562	0.0740891510020732	0.36270784027355	0.363824404761905	0.0555704508327973	0.435350251574034	0.443673989328462	0.0843218110287886
GCF_000970025.1_ASM97002v1	3724	3293815	884.483082706767	753	639.21345955791	0.413963535989276	0.421210753601642	0.0498727749237965	0.494571668115475	0.505128339995792	0.0733914280827874	0.359383698912089	0.359635286955559	0.0545147040009774	0.387934654390154	0.39407080588747	0.073121750406787
GCF_000970045.1_ASM97004v1	3521	3202341	909.497585913093	756	743.675845086549	0.477972654501534	0.491841491841492	0.0625862899247072	0.532890034154739	0.547038327526132	0.0732650006350592	0.370289068256892	0.372340425531915	0.0543054148089827	0.53073787478602	0.551330798479088	0.107921837236327
GCF_000970065.1_ASM97006v1	3677	3232787	879.191460429698	741	645.826986944065	0.413716309548161	0.421333333333333	0.0504809883970294	0.493521312623416	0.505102040816326	0.0745800786133427	0.359139548477188	0.36	0.0561062236020593	0.388489423214875	0.394366197183099	0.0728095610385586
GCF_000970085.1_ASM97008v1	4235	3842105	907.226682408501	759	708.956962100481	0.44449059557597	0.454652532391048	0.0562708581461484	0.509763140574559	0.520725388601036	0.0701956870664335	0.368287513939533	0.368421052631579	0.0574412126798734	0.455421162434838	0.467741935483871	0.0903098637541063
GCF_000970145.1_ASM97014v1	4675	4196411	897.628021390374	744	709.91783564084	0.439814203418681	0.450094161958569	0.0574247333083714	0.504948315853223	0.515068493150685	0.0706439698690247	0.366309655638672	0.365456821026283	0.0575490232677732	0.44818400461244	0.460829493087558	0.0920389018500333
GCF_000970165.1_ASM97016v1	3440	3107385	903.309593023256	768	652.703522383071	0.433701757872576	0.443872328409312	0.0511030021043734	0.509258619376944	0.520437999761308	0.0690294386941529	0.364739183205284	0.366941131291226	0.0536188038176751	0.427108106140135	0.43801652892562	0.0784477401736054
GCF_000970185.1_ASM97018v1	3393	3080237	907.821102269378	774	646.470056784314	0.434850224126271	0.445048309178744	0.0513541245683831	0.511118830245429	0.522633744855967	0.0696945599846901	0.364762290866711	0.366666666666667	0.053844559547104	0.428668949234436	0.438377535101404	0.0770330881568368
GCF_000970205.1_ASM97020v1	3483	3164270	908.489807637094	771	655.514525427602	0.433087246065992	0.44367816091954	0.0521716558647032	0.508632416644153	0.52	0.0705447048918735	0.364105945676905	0.366197183098592	0.0540625246458693	0.426524084819172	0.436936936936937	0.0794210597356827
GCF_000970225.1_ASM97022v1	3511	3148908	896.869268014811	762	649.935144911312	0.43309589773084	0.443436960276338	0.0514092178225266	0.508377357579832	0.519607843137255	0.0692676939597923	0.364024770757169	0.365979381443299	0.053538301484837	0.426887538649252	0.437086092715232	0.077745341752056
GCF_000970245.1_ASM97024v1	3501	3159131	902.351042559269	771	652.205683939112	0.43355240529819	0.443971631205674	0.0521191652671318	0.508582496146006	0.520069808027923	0.0706625971815387	0.364580292720111	0.366666666666667	0.0545429427902759	0.427495199032067	0.438202247191011	0.0781710012872643
GCF_000970265.1_ASM97026v1	3454	3041273	880.507527504343	750	646.442926167838	0.435329832367329	0.444695674365191	0.0566452594684287	0.50560829842154	0.5171434169279	0.0737758589816972	0.363337991157099	0.364705882352941	0.057735103674893	0.437043349602865	0.448921614100185	0.087482254331194
GCF_000970285.1_ASM97028v1	4385	3826481	872.629646522235	729	649.944756310811	0.4307759292526	0.439393939393939	0.0519003995247489	0.505970935298427	0.515151515151515	0.0684225995744086	0.365953322410304	0.367781155015198	0.0547136557026177	0.420405620646595	0.427184466019417	0.0805957017866294
GCF_000970305.1_ASM97030v1	3715	3267377	879.509286675639	744	640.388057675131	0.412947478253784	0.420077972709552	0.048639393622657	0.496202370528598	0.506616257088847	0.072395102074027	0.359169709841737	0.361111111111111	0.0560985928991988	0.383471302970707	0.386363636363636	0.0684686335839491
GCF_000970325.1_ASM97032v1	2275	2065079	907.727032967033	780	595.602515822968	0.451256755034986	0.459349593495935	0.0448047761434631	0.52928922966517	0.5390625	0.0594589471670788	0.362846003836999	0.364077669902913	0.0470981564335881	0.461635298663144	0.470108695652174	0.0811198565193324
GCF_000993805.1_ASM99380v1	1648	1444157	876.308859223301	762	560.96754486676	0.48300330932598	0.4791646360174	0.04781118596838	0.542714701616993	0.543609629190542	0.0514396702556745	0.385380458654218	0.385284894982239	0.0486785787633095	0.520914927993579	0.508802926043023	0.0900550427949093
GCF_001006045.1_ASM100604v1	2007	1656838	825.529646238166	716	527.242771569708	0.531893547613135	0.547311827956989	0.0530544727789882	0.535640826791022	0.54320987654321	0.0533193569184488	0.367877171991504	0.37	0.0531393527162107	0.692161918943171	0.723849372384937	0.109531183441437
GCF_001011115.1_ASM101111v1	2188	1915729	875.561700182815	744	605.422686623945	0.633970329165485	0.642888553838422	0.0498793569918849	0.679451087376753	0.685329756450446	0.0602149903589231	0.435721599178706	0.43514984450099	0.0606621119372807	0.786739948088928	0.810414349276974	0.0907802230238789
GCF_001027005.1_ASM102700v1	3693	3242993	878.145951800704	747	627.741988737103	0.413582010668415	0.421333333333333	0.0506354037843214	0.493132301799837	0.504716981132076	0.0752924892095479	0.359340657575024	0.360501567398119	0.0550591111280709	0.388273257807145	0.394366197183099	0.072727397818408
GCF_001190965.1_ASM119096v1	3774	3371373	893.315580286168	783	587.507786493083	0.669908335225757	0.676950200322692	0.0487709428361589	0.691776516131474	0.695801257565963	0.0594154847334774	0.449326339257773	0.447726467524364	0.0593963229768202	0.868623613580456	0.895996680592915	0.0865636784048721
GCF_001266655.1_ASM126665v1	2326	1956376	841.090283748925	726	538.098972804735	0.464613328664653	0.468455141532065	0.0428971329473148	0.498744604090207	0.502825219473264	0.051083255787352	0.367410754432195	0.369627507163324	0.0509807321532345	0.527685240443375	0.531645569620253	0.0824641089638658
GCF_001266675.1_ASM126667v1	2327	1956360	840.721959604641	726	538.146807775325	0.464644978116953	0.468468468468468	0.042879875777516	0.498769073231869	0.502857142857143	0.0509985043896195	0.367456607674627	0.369627507163324	0.0510470888571143	0.527709732697937	0.531746031746032	0.0824342758882915
GCF_001266695.1_ASM126669v1	2327	1956280	840.687580575849	726	538.229506497242	0.464639686961338	0.468468468468468	0.0428860918040461	0.498760079424881	0.502857142857143	0.0510702180325575	0.367458173945106	0.369627507163324	0.0510179498272358	0.527701419348396	0.531746031746032	0.0824335087986683
GCF_001266715.1_ASM126671v1	2327	1956280	840.687580575849	726	538.229506497242	0.464641846211658	0.468468468468468	0.0428892826560512	0.498763193169478	0.502857142857143	0.0510837283387891	0.36745730403041	0.369627507163324	0.0510175708141263	0.527705653269456	0.531746031746032	0.0824331508875432
GCF_001266735.1_ASM126673v1	2330	1956343	839.632188841202	723	538.120653391624	0.464637011585811	0.468489226553743	0.042938569429292	0.498663420839785	0.502865353037767	0.0509417668836957	0.367388502629401	0.369596362277314	0.0510529303562727	0.527859722334847	0.531768969630241	0.0823702938549172
GCF_001305655.1_ASM130565v1	2238	1958583	875.148793565684	744	617.714357869098	0.633020647584472	0.642499561963405	0.0507636343415018	0.679225924648229	0.684715223698275	0.0594967850854217	0.435025910787104	0.434384831925816	0.0593456389333706	0.784811133989187	0.809888255150739	0.0932889360228996
GCF_001412615.1_ASM141261v1	2028	1743656	859.790927021696	744	569.87057590926	0.540409075492614	0.537216828478964	0.066742382514727	0.618690526244726	0.617740726863994	0.0667364794240331	0.423269275817856	0.423405260098809	0.057394386081097	0.579267316909765	0.572615108905431	0.123226556948053
GCF_001433455.1_ASM143345v1	2590	2184207	843.323166023166	732	579.726395725721	0.419527721591565	0.418141708437761	0.0371197270017124	0.496035539061481	0.498349763084799	0.0497611766328777	0.337361282412103	0.336323411102172	0.0515163878656846	0.425185321403164	0.417570652046027	0.0710113593717786
GCF_001458655.1_Mb9	2372	2070511	872.89671163575	729	619.054254019631	0.429983606812412	0.438979605220014	0.0525939559250088	0.509230430084893	0.519165260923981	0.0687361653752398	0.347419605419543	0.348808848553602	0.0543227795714029	0.433300261178215	0.443298969072165	0.0876074593206976
GCF_001477655.1_ASM147765v1	2272	2244007	987.679137323944	762	1165.50442663774	0.327224865574599	0.331697220816972	0.0419120091554746	0.429861158852568	0.432373421456391	0.0667598385047227	0.315310176014658	0.317391304347826	0.0613668908023374	0.23650320991158	0.231263766519824	0.0630128698060153
GCF_001481685.1_ASM148168v1	1483	1264185	852.451112609575	726	605.215920028029	0.447180926271583	0.449275362318841	0.0385806228918631	0.498777520101001	0.5	0.0491331303559751	0.362203094061054	0.362637362637363	0.0492284609403667	0.480561913642872	0.487654320987654	0.0763450526103416
GCF_001484685.1_ASM148468v1	2137	1778861	832.410388394946	723	542.791451202736	0.446930985817835	0.445205479452055	0.0416451321269036	0.508350721866652	0.513157894736842	0.0525046383961897	0.34924342871618	0.347222222222222	0.0545559161349328	0.483200471090347	0.478125	0.0814171321418401
GCF_001488575.1_Halobacterium_hubeiense_JI20-1	3201	2704907	845.019368947204	726	564.866223321705	0.673255851326937	0.686507936507937	0.0572224116095422	0.702978273690789	0.708333333333333	0.0649264768715021	0.441584365263475	0.438461538461538	0.064022411092138	0.875206723951003	0.922268907563025	0.108547809457359
GCF_001548675.1_ASM154867v1	2105	2019495	959.380047505938	741	1283.5994708993	0.350398386551123	0.35244161358811	0.0383086461870006	0.446942419261164	0.448529411764706	0.0596403942320187	0.32336931792817	0.324742268041237	0.0585832122249128	0.280883332787136	0.27741935483871	0.0702163370329949
GCF_001560915.1_ASM156091v1	1813	1749134	964.773303916161	807	815.213011961852	0.547046983923977	0.558943089430894	0.0488628182974904	0.538848384952119	0.543157894736842	0.0507631282776376	0.392243673718628	0.391566265060241	0.0486775240485992	0.710048922931517	0.731182795698925	0.103880533493127
GCF_001563245.1_ASM156324v1	1825	1670117	915.132602739726	780	666.623780930151	0.299938466826542	0.302083333333333	0.0388449642749381	0.425944696890102	0.43048128342246	0.0724500627961396	0.316789161580418	0.3202416918429	0.0641348513881429	0.157084285888668	0.152597402597403	0.0395042423389649
GCF_001577775.1_ASM157777v1	2139	1819749	850.747545582048	750	555.915776573164	0.446098916246812	0.449275362318841	0.0440771504569423	0.502696216388585	0.506410256410256	0.0509405459501164	0.347192724885148	0.346938775510204	0.0521352924009447	0.488406960207226	0.492307692307692	0.0920235926812444
GCF_001592435.1_ASM159243v1	2026	1730663	854.226554787759	729	565.456355854257	0.521684562442413	0.527340808530519	0.0394229940278933	0.552728365846535	0.556701030927835	0.0491428867365411	0.364550691571042	0.364440532081377	0.053112521382564	0.647775491614372	0.65790443293034	0.0850638540760416
GCF_001647085.1_ASM164708v1	2099	1724208	821.442591710338	707	552.118636237359	0.515060050515099	0.52436974789916	0.0439655733024765	0.538100392717545	0.546762589928058	0.0555752938327662	0.373208704108736	0.365333333333333	0.0672402519193065	0.633884112804353	0.653310104529617	0.0950238612130508
GCF_001719125.1_ASM171912v1	2667	2317452	868.935883014623	765	548.29696712141	0.349808280417816	0.35031847133758	0.0352132373756917	0.420673882481895	0.424929178470255	0.0545365905037413	0.326365150787412	0.326763485477178	0.0535965713144788	0.302385574004307	0.293975903614458	0.0585934304274587
GCF_001767315.1_ASM176731v1	2003	1796513	896.91113330005	768	593.385337644883	0.641854719100496	0.647249190938511	0.0409739743514174	0.684413061982635	0.688715953307393	0.0528749143266666	0.440840583605346	0.442307692307692	0.0548104093584796	0.800310447565909	0.816993464052288	0.0765842779373075
GCF_001886955.1_ASM188695v1	2095	1886318	900.390453460621	765	624.905073444099	0.64095438664872	0.647168059424327	0.041207178488926	0.683703800473495	0.688442211055276	0.0527285385255844	0.441506759182841	0.443850267379679	0.0546094957941624	0.797653321587572	0.815384615384615	0.0792911319042328
GCF_001889405.1_ASM188940v1	2010	1819361	905.154726368159	774	630.711064931185	0.429932810491371	0.433759695895618	0.0409686089924429	0.522475878432438	0.528215467328371	0.0581929776528407	0.363045854881802	0.365117248172141	0.0465603612351336	0.404276619925753	0.404787954569136	0.0650826123230235
GCF_001971705.1_ASM197170v1	3692	3250552	880.431202600217	768	593.106038210505	0.618803619230841	0.626885648600132	0.0453269284896663	0.669887518687935	0.674698795180723	0.0571528964028916	0.43062349148207	0.430341388569237	0.0564536032339189	0.755900749390855	0.777777777777778	0.0870464260270799
GCF_001989615.1_ASM198961v1	3791	3302590	871.165919282511	741	590.379278975815	0.661087990936556	0.669257340241796	0.0450938316449053	0.693215286813071	0.698581560283688	0.0588544544624774	0.444521077894956	0.442831215970962	0.0625265019190079	0.845527436514037	0.870967741935484	0.0823361830687307
GCF_002078355.1_ASM207835v1	1790	1603033	895.549162011173	807	563.52713546525	0.371088834459895	0.376952267452801	0.0410652060926812	0.43218031330214	0.439092188466821	0.0584075486704869	0.330928529067283	0.332555416371657	0.0519958139832527	0.350157146984837	0.354838709677419	0.0514904168662116
GCF_002156705.1_ASM215670v1	3745	3331245	889.518024032043	771	611.227585328581	0.645894449985493	0.654121863799283	0.0441203683836467	0.692046538132569	0.698412698412698	0.0593966643737184	0.44240470709366	0.439024390243902	0.064000750325606	0.803234523908879	0.826666666666667	0.0842620450055602
GCF_002156965.1_ASM215696v1	1602	1234233	770.432584269663	633	535.712211479711	0.316241749981429	0.315714861791863	0.0387364234580565	0.432167343465052	0.432432432432432	0.05912483931174	0.330265482102502	0.332520782179097	0.0609474205349753	0.186292393259248	0.177285318559557	0.0551298706676903
GCF_002197185.1_ASM219718v1	1967	1715805	872.29537366548	759	597.317332428485	0.562168261781139	0.568093385214008	0.0359244242956806	0.569066148920039	0.572916666666667	0.0456642435712325	0.372139213761992	0.37292817679558	0.0478303089237337	0.745299422661385	0.758823529411765	0.0765914989562912
GCF_002214165.1_ASM221416v1	961	841856	876.020811654526	723	643.554550899215	0.397668974657164	0.402697495183044	0.0455526845168414	0.433505887970212	0.437352245862884	0.0571683808537732	0.338183730496089	0.335766423357664	0.05891408255013	0.42131740589042	0.428571428571429	0.0816670735496759
GCF_002214365.1_ASM221436v1	1972	1699523	861.827079107505	747	564.929825535699	0.569127125379228	0.582674561513144	0.0504112137704443	0.569869095000854	0.574514744307578	0.053331763188971	0.382294177755727	0.381843156843157	0.0539158340465853	0.755219623358195	0.786253836762172	0.105859256246569
GCF_002214385.1_ASM221438v1	1817	1531795	843.035222894882	732	545.7226646679	0.518908819622723	0.523809523809524	0.0410637166133343	0.550735306004398	0.555891238670695	0.0480883063710715	0.362611343577811	0.364120781527531	0.0520159955170127	0.643382044095864	0.651567944250871	0.0865620778916978
GCF_002214465.1_ASM221446v1	2019	1778087	880.677067855374	750	691.388318860688	0.551309379468406	0.559400230680507	0.0411221877945792	0.565634012887135	0.570342205323194	0.050015937056842	0.373954896058243	0.374213836477987	0.0492775734633465	0.714340968622117	0.729957805907173	0.0855032084542166
GCF_002214485.1_ASM221448v1	1916	1623087	847.122651356994	735	542.258137143795	0.548090892045316	0.556015520630355	0.0381758995936333	0.563836848924313	0.568181818181818	0.0479759738138343	0.370653168450841	0.370584725288023	0.0523458955072491	0.709783495795549	0.725708103855232	0.0824596040585651
GCF_002214505.1_ASM221450v1	2119	1858535	877.081170363379	744	662.547406695072	0.555504355844498	0.564304461942257	0.0410852376562923	0.56383404075563	0.568702290076336	0.0482623066127122	0.371987248191938	0.372703412073491	0.0498828585545151	0.730692729050205	0.751054852320675	0.0875204240926915
GCF_002214525.1_ASM221452v1	1598	1401121	876.79662077597	757.5	569.467794088956	0.553398895179441	0.56395718188171	0.0436737917594253	0.567155529752175	0.573071852340145	0.0506956620886186	0.382292663031847	0.384301236418134	0.0502747600667104	0.710749735823872	0.732850569904842	0.0857168806386034
GCF_002214545.1_ASM221454v1	2268	1892985	834.649470899471	711	566.939934584145	0.536957609793853	0.547445255474453	0.045259965124586	0.55701808070513	0.56273239619097	0.0525091782645964	0.371772148103643	0.372633480649785	0.0518327266323951	0.682084161940399	0.703703703703704	0.0947979381409184
GCF_002214565.1_ASM221456v1	1999	1727448	864.156078039019	759	585.952754308833	0.559982851313359	0.566552901023891	0.0354773464099308	0.567802376927883	0.5703125	0.0452973029381009	0.373078940005292	0.373801916932907	0.0486782515353076	0.739066980399957	0.752941176470588	0.0760646285652624
GCF_002214585.1_ASM221458v1	2106	1875074	890.348528015195	750	692.127859544356	0.535637427277147	0.542953116066324	0.0390942912086164	0.556858660557083	0.559576139615795	0.0488244007124828	0.370852277705971	0.370689655172414	0.0515648687875742	0.67920225554801	0.69489490459577	0.0840466595563032
GCF_002214605.1_ASM221460v1	2126	1814693	853.571495766698	753	552.653384248431	0.449840289138577	0.455043384550434	0.0407662938486352	0.507685578986057	0.5110300081103	0.0492985312463908	0.347637735258923	0.347903220303762	0.0495178717535337	0.494197858430544	0.501561550435967	0.0849829644358791
GCF_002215405.1_ASM221540v1	2270	1921733	846.578414096916	738	545.234649548651	0.370461827964131	0.37037037037037	0.0370340303845217	0.443267899176052	0.446571411125359	0.0498890158811709	0.332816789377787	0.333333333333333	0.0526577296311646	0.335300291476428	0.328580669007577	0.0729088569083315
GCF_002215445.1_ASM221544v1	2337	1981959	848.078305519897	738	548.778646500888	0.370867673564034	0.370600414078675	0.0372166462261854	0.442594426826234	0.44578313253012	0.0500785681881316	0.332549389404457	0.332584269662921	0.0523473300753008	0.337458707795413	0.330188679245283	0.0740143392190079
GCF_002215485.1_ASM221548v1	2362	1997790	845.804403048264	736.5	548.217188939872	0.371022311796928	0.370871694815357	0.0373221571628785	0.442721161091775	0.445888081944503	0.0500009987399413	0.332055326099756	0.331999807972348	0.0526757666908529	0.338289598049265	0.331230095541401	0.0746801915239525
GCF_002215525.1_ASM221552v1	2299	1956079	850.83906046107	747	545.750697224918	0.370537397607507	0.370274914089347	0.0369591618893434	0.44258519964298	0.44578313253012	0.0500472250881243	0.332944253632563	0.333333333333333	0.052187183453169	0.336082164073361	0.329588014981273	0.0730425987372618
GCF_002215565.1_ASM221556v1	2280	1948566	854.634210526316	747	547.357722203661	0.370782924290161	0.370623590123915	0.0369243250524291	0.442452456788554	0.446028513238289	0.0500894812239968	0.333182471492459	0.333333333333333	0.0514684268526594	0.33671358476058	0.329728781856441	0.0736500255777429
GCF_002355635.1_ASM235563v1	2967	2653849	894.455342096394	786	588.515484359897	0.665462447761422	0.68013468013468	0.0571383060600638	0.69247117025501	0.698162729658793	0.0618620036523345	0.456883078575007	0.454802259887006	0.0660334520175627	0.847034099808122	0.885375494071146	0.108347460868518
GCF_002355655.1_ASM235565v1	2926	2618440	894.887218045113	768	606.845604713129	0.693663255847693	0.703618019750844	0.054970185893737	0.714678769985655	0.720804951769419	0.06371341048502	0.461762570218019	0.459259259259259	0.0685207314544557	0.904551464972168	0.939479286000262	0.0942808882061617
GCF_002787055.1_ASM278705v1	1933	1551298	802.533885152612	657	607.218567512683	0.425053113046793	0.431192660550459	0.0366942600389514	0.488895701366368	0.491803278688525	0.0507088148569455	0.356567966585216	0.356164383561644	0.0525228736398154	0.429695649125474	0.4375	0.0712093867208742
GCF_002788215.1_ASM278821v1	3354	2855547	851.385509838998	744	575.936252389547	0.596049178932718	0.607009169702299	0.0480576190741049	0.652770027407185	0.658215486550633	0.0576282974085468	0.42950789058012	0.428571428571429	0.0565281820985836	0.705872205600028	0.731198334265647	0.0939558778227633
GCF_002813085.1_ASM281308v1	1728	1614177	934.130208333333	762	842.581487592058	0.32014557618266	0.323792456050521	0.0349430654013082	0.434642266156088	0.437864165544707	0.0645334581731816	0.318324096998954	0.320277418220752	0.0575260032426135	0.207469441010975	0.20571635967698	0.0451988463468769
GCF_002813655.1_ASM281365v1	2382	2067761	868.077665827036	715.5	674.981194577378	0.412208731940521	0.418925723306388	0.0491658573313171	0.496214510634899	0.503632727976403	0.068239914741968	0.344302383431487	0.345955586102289	0.0548587632211039	0.396112186477349	0.401904179685731	0.0780763242673803
GCF_002813675.1_ASM281367v1	2409	2085860	865.861353258614	714	670.596338498531	0.41109853806893	0.418399495904222	0.0503401614941046	0.494904569523526	0.502890173410405	0.0699814015340641	0.343706509845791	0.345238095238095	0.054475570502553	0.394685232242718	0.4	0.0783926169788239
GCF_002813695.1_ASM281369v1	2405	2076385	863.361746361746	714	639.016712042672	0.411103428644742	0.417732310315431	0.0497006488544632	0.496131397664874	0.502994011976048	0.0676255896850613	0.343147433244175	0.345132743362832	0.0546956137237725	0.394033062739061	0.4	0.0786702470451571
GCF_002844335.1_ASM284433v1	3675	3236988	880.81306122449	762	580.070852525971	0.631665632458104	0.636363636363636	0.0450779266075355	0.67783604566748	0.682080924855491	0.0559803902528634	0.44395223534159	0.443661971830986	0.0587194727809683	0.773212108858452	0.787610619469027	0.0888934388478478
GCF_002906215.1_ASM290621v1	1657	1392202	840.194327097164	708	585.088927252846	0.424443957964798	0.429850746268657	0.0329843973146743	0.487048753299325	0.491525423728814	0.053901763288195	0.370469568218574	0.371345029239766	0.0505222550866258	0.415813914496662	0.419724770642202	0.0660836632231734
GCF_002906575.1_ASM290657v1	4882	4197085	859.706063088898	750	572.907781945321	0.66232132850123	0.672955974842767	0.0512288295353735	0.684143378794067	0.689827193503664	0.068101095343933	0.467277244678106	0.456521739130435	0.0829446787645305	0.835560933603002	0.871905469402916	0.0979416828159318
GCF_002945325.1_ASM294532v1	1801	1519559	843.730705163798	729	546.691890877406	0.335279532112386	0.336122733612273	0.0371840707458581	0.439126623752316	0.441558441558442	0.0590505146401776	0.314179434449828	0.31413612565445	0.0572335752390628	0.252533117540998	0.250440917107584	0.0437221175012489
GCF_002952775.1_ASM295277v1	3252	2914352	896.172201722017	769.5	622.958505660322	0.635991776587552	0.647058823529412	0.0500133666938571	0.682992408260472	0.689189189189189	0.0582577393312786	0.439007801694886	0.438202247191011	0.059285001718139	0.785975909298597	0.811711949353733	0.0942251620978769
GCF_003052125.1_ASM305212v1	1811	1548930	855.289895085588	741	552.959586508995	0.335791048112175	0.337135614702155	0.0360268164958263	0.43992364314496	0.441913439635535	0.0577663741593634	0.315770359570852	0.315068493150685	0.0556430621212458	0.251679890670467	0.25	0.0424079768832273
GCF_003058365.1_ASM305836v1	2574	2400492	932.592074592075	762	708.080924800404	0.661994036903294	0.669906060720537	0.0472258098481366	0.699457506346572	0.703343266902589	0.0581309673361761	0.460946689641556	0.459459459459459	0.0656480849317226	0.825577438471626	0.84735890125387	0.0750963746864017
GCF_003201675.1_ASM320167v1	2571	2101887	817.536756126021	699	544.903295342321	0.444597551619269	0.442477876106195	0.0495097789660201	0.480228580190794	0.484662576687117	0.0522701756807079	0.362532443844488	0.362385321100917	0.0550572547037173	0.491034432126245	0.475609756097561	0.108125966771003
GCF_003201765.1_ASM320176v1	2312	2010337	869.522923875433	747	557.766609786828	0.314127606916335	0.314685278208118	0.0339902510158093	0.405501424459347	0.409367045187846	0.0546570659902977	0.318838784433436	0.318181818181818	0.0543045909192925	0.218041696172722	0.207692307692308	0.0522033246184139
GCF_003201835.1_ASM320183v1	3120	2568388	823.201282051282	723	533.56462396754	0.32482506607751	0.321384110835955	0.0458974987611997	0.408828541971489	0.411764705882353	0.0593602990150166	0.323647742476922	0.32011891665357	0.0615770128873287	0.242006729329969	0.222222222222222	0.076619919862401
GCF_003268005.1_ASM326800v1	2168	2361476	1089.24169741697	771	1473.55826645192	0.344033735592513	0.350046554934823	0.0448037906591932	0.429012802040571	0.429662656929196	0.0702231729018845	0.308357562040586	0.311034751425917	0.0609930404086279	0.294731657640139	0.299144840417919	0.0782256576123643
GCF_003342675.1_ASM334267v1	3787	3282405	866.756007393715	735	607.927812913156	0.667687977661599	0.678240740740741	0.0576269380632811	0.699576576681932	0.703703703703704	0.0649407392837133	0.457978970490289	0.454545454545455	0.0687815679414143	0.845508755294678	0.887417218543046	0.103415115401605
GCF_003342695.1_ASM334269v1	3529	3088419	875.154151317654	747	621.232781632135	0.671959235884129	0.680555555555556	0.0539731432326508	0.702440068991059	0.706632653061224	0.0635823700506468	0.458446129013096	0.455882352941176	0.068662915651073	0.854993349292551	0.890140845070423	0.0934195707734981
GCF_003430805.1_ASM343080v1	3700	3230365	873.071621621622	750	607.778216212792	0.628831659695946	0.637498119413361	0.0469591757882061	0.681226715867875	0.688679245283019	0.0599331407240883	0.436407741445216	0.435747051114024	0.0620302631374986	0.768861786513927	0.791318305534231	0.087232261564818
GCF_003430825.1_ASM343082v1	3605	3180187	882.160055478502	765	615.533030299402	0.628791097737246	0.638095238095238	0.0470214731434922	0.681334902678203	0.689411764705882	0.0610295869706035	0.437564478546341	0.436657681940701	0.0617860098487215	0.76747520156707	0.791878172588833	0.0894987380458312
GCF_003431325.1_ASM343132v1	1521	1340951	881.624589086128	768	568.452185556006	0.580315294045035	0.581526104417671	0.0455894609551573	0.573867673220814	0.574712643678161	0.0523314987753649	0.435370506868793	0.434389140271493	0.0614844122303209	0.731711544119235	0.738317757009346	0.0825747271684432
GCF_003711245.1_ASM371124v1	1600	1490834	931.77125	789	655.58245888575	0.563313678917771	0.573269154961721	0.0501551305302225	0.545860817127016	0.550933932895192	0.0514107875693677	0.400159834797007	0.398822137755502	0.0506417735265653	0.743920899557606	0.762493628950051	0.102791076731687
GCF_003852095.1_ASM385209v1	2915	2323679	797.145454545455	714	522.076854212695	0.362510182410228	0.357021996615905	0.0488993932808842	0.428628842324988	0.433035714285714	0.0559630115824226	0.329411674952288	0.328767123287671	0.0576346980227151	0.329490489378867	0.302447552447552	0.102826233315093
GCF_003852135.1_ASM385213v1	2927	2331661	796.604373078237	714	521.324465353736	0.362558883071651	0.35702614379085	0.0488535490669996	0.428665297928288	0.43317230273752	0.0559692823945066	0.329402220446641	0.328767123287671	0.0576166329517642	0.329609655824224	0.302469135802469	0.102731528500758
GCF_003852155.1_ASM385215v1	2913	2322652	797.340199107449	714	522.190516375398	0.362545644934457	0.35702614379085	0.0489013523432067	0.428695786089672	0.433070866141732	0.0559280161620269	0.329398712519191	0.328767123287671	0.0576502228087911	0.329542963701802	0.302452316076294	0.102847705843094
GCF_003852175.1_ASM385217v1	2914	2322910	797.155113246397	714	522.19646749626	0.3625289695204	0.357024070203377	0.0489012436910877	0.428648429153615	0.433053290213723	0.0559768199531636	0.329373460371273	0.328767123287671	0.0576564430620375	0.32956554636258	0.302460725939382	0.102837276708994
GCF_003852195.1_ASM385219v1	2927	2331661	796.604373078237	714	521.324465353736	0.362558883071651	0.35702614379085	0.0488535490669996	0.428665297928288	0.43317230273752	0.0559692823945066	0.329402220446641	0.328767123287671	0.0576166329517642	0.329609655824224	0.302469135802469	0.102731528500758
GCF_003852215.1_ASM385221v1	2927	2331661	796.604373078237	714	521.324465353736	0.362558883071651	0.35702614379085	0.0488535490669996	0.428665297928288	0.43317230273752	0.0559692823945066	0.329402220446641	0.328767123287671	0.0576166329517642	0.329609655824224	0.302469135802469	0.102731528500758
GCF_003856835.1_ASM385683v1	3542	3103187	876.111518915867	747	609.334532439326	0.662026943124003	0.670050848622277	0.0503714076323508	0.69548549213378	0.69907208523069	0.0601392298745386	0.452906324786722	0.451839343199057	0.0671632843800436	0.837688528364672	0.867469879518072	0.0899840231443131
GCF_003967175.1_Sacidi_1.0	2329	1911384	820.688707599828	723	534.65497325523	0.514714088583785	0.514767932489452	0.0491046023062095	0.531683971253404	0.534798534798535	0.0538120076555425	0.409982244671595	0.404907975460123	0.064645309220429	0.602477991913468	0.595959595959596	0.0981895298968834
GCF_003990725.1_ASM399072v1	2698	2412527	894.190882134915	784.5	584.217299201742	0.681057716605182	0.689349768778903	0.0539234599879276	0.704661660376462	0.709910714285714	0.0605047856597404	0.463602784640698	0.460971076253513	0.0653864086720657	0.874910453358929	0.904411764705882	0.0966883054447556
GCF_004087835.1_ASM408783v1	3387	2963122	874.851490994981	744	628.026379684354	0.645905128562943	0.655388471177945	0.0544442577712773	0.680669441988448	0.689165186500888	0.0646506354650302	0.441089473295305	0.43956043956044	0.0640764088391386	0.815958155202679	0.848232848232848	0.0974019835134584
GCF_004114375.1_ASM411437v1	3543	3088915	871.836014676828	735	630.93106782325	0.664431961126602	0.682758620689655	0.0698499571257464	0.696161863641268	0.705035971223022	0.070562943923998	0.463419554242074	0.458923512747875	0.0751660009668827	0.833723925183116	0.894067796610169	0.131745657016729
GCF_004126515.1_ASM412651v1	3661	3186874	870.492761540563	750	598.819276553603	0.66902991886255	0.688888888888889	0.0729105603421836	0.70014859261979	0.706666666666667	0.0699986670744265	0.460763782899323	0.457142857142857	0.0701792376005333	0.846180985221013	0.91497975708502	0.139479949421539
GCF_004799605.1_ASM479960v1	2496	2167879	868.541266025641	747	579.631593227608	0.665678587372465	0.681065842981476	0.0625361644233368	0.6930818337923	0.698999402628435	0.0646157170447614	0.459080936027536	0.458074555568576	0.067913801187526	0.844871718944064	0.888888888888889	0.113565261168153
GCF_004799625.1_ASM479962v1	4967	4173412	840.227904167506	711	582.544991342019	0.653558714925894	0.664646464646465	0.0550088453731281	0.686658033966067	0.694352159468439	0.0632550880342509	0.449907061049961	0.447432762836186	0.0706127108388132	0.824118926721884	0.858208955223881	0.102460218885547
GCF_004799645.1_ASM479964v1	4190	3692088	881.166587112172	768	616.957606650152	0.611262707481702	0.618013597364347	0.0424485803602459	0.670767154460638	0.676078483479493	0.0562378474318378	0.432521076128077	0.43146771037182	0.0584154803705824	0.730501539998362	0.744077681577682	0.0803254804629214
GCF_004799665.1_ASM479966v1	3344	3065208	916.629186602871	774	665.775554896598	0.642592197312686	0.65	0.0419213356285423	0.683231040291086	0.687572843822844	0.0555680419081496	0.439067380837018	0.438163074039363	0.0596296336772333	0.805481319384731	0.826573930479189	0.0802901032545729
GCF_004799685.1_ASM479968v1	3616	3220101	890.514657079646	775.5	629.932430727021	0.663182970677833	0.6747421684419	0.0569834180494823	0.690298193353528	0.695035460992908	0.0637250295091386	0.452220779316955	0.449261092643446	0.0680171560023942	0.847031746585555	0.888111888111888	0.107994289287041
GCF_004803735.1_ASM480373v1	3305	2878315	870.897125567322	765	575.683677409252	0.660189967724292	0.670454545454545	0.0517380390353402	0.69204699424204	0.7	0.0620890313963838	0.450051114451108	0.448430493273543	0.064290402827793	0.838476019291623	0.867132867132867	0.0943972978210442
GCF_005155585.1_ASM515558v1	3030	2623147	865.725082508251	762	567.844116727926	0.66162118337925	0.670158608222753	0.0459189130998552	0.691187222400919	0.695761505983345	0.0570341204367192	0.448440553288804	0.447074385309679	0.0627332878331588	0.845236074871751	0.870698362939742	0.0880791484813034
GCF_005310945.1_ASM531094v1	4176	3620077	866.876676245211	747	591.181292089787	0.617654900931986	0.625811722538478	0.0474128154626624	0.669879605541726	0.674835900296023	0.0576405013316148	0.440852614065164	0.439482065035199	0.0599697532373829	0.742234323172291	0.762313460266118	0.0935336655118898
GCF_005406325.1_ASM540632v1	3832	3328620	868.637787056367	742.5	595.487881559233	0.610009515916423	0.616858237547893	0.0424083542454349	0.662998608535664	0.666666666666667	0.0579059924200106	0.435745175363565	0.434426229508197	0.0573935570823605	0.731285886834398	0.747252747252747	0.0833631361368461
GCF_005576615.1_ASM557661v1	4514	3917401	867.833628710678	759	584.0219627845	0.639211258509796	0.654884608710741	0.0617932867102131	0.676426978856651	0.684631343759974	0.0642388991873865	0.44196319390267	0.440447803419149	0.0642121359653658	0.79924907289321	0.845238095238095	0.120811127964476
GCF_005890195.1_ASM589019v1	3723	3180382	854.252484555466	738	594.219614909127	0.646023406125398	0.655971479500891	0.0517731461159326	0.68257586666628	0.688622754491018	0.0586460246958348	0.450202695259754	0.448946515397083	0.0644653503642516	0.805297201713565	0.833333333333333	0.0949346809055616
GCF_005954745.1_ASM595474v1	3850	3376843	877.102077922078	759	623.642905098422	0.635798723890499	0.642575122292103	0.0482758035212339	0.677187103114218	0.681585493584708	0.0606325541104095	0.440073461868719	0.43857535404777	0.0614806666123864	0.790135959011055	0.812796634950626	0.0881745654673769
GCF_006274605.1_ASM627460v1	2364	2032021	859.568950930626	736.5	617.915822345117	0.552948815797539	0.564759083112428	0.0464904359622607	0.565319960062575	0.569475585450922	0.0510842512148493	0.377096696852131	0.37648830616584	0.0568847740404107	0.716433612312076	0.741957046748318	0.0992455721105205
GCF_006740685.1_ASM674068v1	1747	1349307	772.356611333715	630	577.390933667384	0.339437801309473	0.339285714285714	0.0332031552805484	0.454861036396979	0.457219251336898	0.0567644507244379	0.338327014437764	0.337254901960784	0.0605479097336936	0.225126256957365	0.219298245614035	0.0503888211976532
GCF_900012635.1_Pyrococcus_chitonophagus_genome_sequence	2137	1822957	853.044922788956	753	551.789285492202	0.449737391551771	0.455098934550989	0.0412250748994567	0.507617153205918	0.510869565217391	0.0510308572309393	0.347403494425029	0.347826086956522	0.0494115090294792	0.49419178624596	0.501182033096927	0.0853607371350912
GCF_900036045.1_Methanoculleus_sp_MAB1	2714	2361371	870.070375829035	732	618.861187795579	0.605808578547488	0.616058636921818	0.0574293822374503	0.614735453527543	0.622047244094488	0.0710411587917794	0.456509562507861	0.441336289340984	0.0921104698925541	0.746203481071569	0.768743308351178	0.10005132481513
GCF_900079115.1_SSOP1	3204	2633287	821.874843945069	744	516.832862305886	0.363502135809735	0.358597826607305	0.0473856537025236	0.427184223768248	0.430379746835443	0.0539136209446754	0.331722350604968	0.330188679245283	0.0561489451541068	0.331601793012909	0.306503458227596	0.0987189981746395
GCF_900079125.1_MBBA	2466	2128071	862.964720194647	741	579.500215503868	0.610150163347891	0.617955625643384	0.0524438414843621	0.626762185682054	0.632087118565106	0.0602723427774054	0.436494242007268	0.434810659186536	0.0605812847871172	0.767196924770875	0.788853865281334	0.0913238071440574
GCF_900090055.1_C.divulgatum_PM4	1812	1653591	912.577814569536	805.5	618.358292966528	0.379200464029783	0.380952380952381	0.032575175838704	0.445122384517662	0.447087104072398	0.0503075279708937	0.342229774309681	0.34244499792445	0.0472157453887473	0.350249168838136	0.347107438016529	0.0532569023694247
GCF_900095295.1_MCBB	2302	1985023	862.303649000869	729	592.557934736207	0.407605336072172	0.415174288455389	0.0457269524313335	0.493454132680364	0.5	0.0654155005485108	0.347306329122105	0.347873656169727	0.0544245144697609	0.382055477429918	0.38422348975888	0.07852863263702
GCF_900095815.1_SIV6	1730	1510920	873.364161849711	756	571.282099218274	0.492982291824884	0.498801793444651	0.0400805529126953	0.541264039105293	0.548085373509102	0.0578311754383537	0.391381151706538	0.392156862745098	0.0543339021283428	0.546306116435651	0.554824750816217	0.0742385572580136
GCF_900198835.1_chr_EXT12c	2304	1974580	857.022569444444	747	567.457294881163	0.550910207231668	0.560914924064072	0.0441573661136331	0.563455684298991	0.569360528062026	0.0514698595641577	0.37234663886525	0.375	0.052572236662765	0.716927179517719	0.73763073955938	0.0927007198239494
GCF_900696045.1_Nitrosocosmicus_franklandus_C13	2630	1978817	752.401901140684	612	508.741196725337	0.356146523095991	0.355625629356454	0.032612439317732	0.425917430327686	0.424619269916584	0.0562023969599331	0.339243277830927	0.3359375	0.0571307972939111	0.303279178877576	0.300277883318806	0.0471094094489617
