Genome	No_of_CDSs	Length_total	Length_mean	Length_median	Length_sd	GC_mean	GC_median	GC_sd	GC1_mean	GC1_median	GC1_sd	GC2_mean	GC2_median	GC2_sd	GC3_mean	GC3_median	GC3_sd
GCF_000001985.1_JCVI-PMFA1-2.0	10638	16078742	1511.44406843392	1260	1172.72931572746	0.500949478227877	0.499306037139775	0.0286712053255966	0.551667646054677	0.551219512195122	0.0423100150903993	0.433699349343075	0.429494132042939	0.0521762989674974	0.517481563259123	0.509325051759834	0.0648486714177843
GCF_000002495.2_MG8	12989	17117401	1317.83824774809	1071	1161.46215333426	0.574746846230337	0.571961222967934	0.0502542576225988	0.578783900929649	0.581395348837209	0.0566788796869708	0.468462866088167	0.463329452852154	0.0618610786264943	0.676993533535379	0.666666666666667	0.110213466902749
GCF_000002515.2_ASM251v1	5085	7402764	1455.80412979351	1221	1056.52370744664	0.404540174180989	0.402930402930403	0.0271754047726412	0.458155094744205	0.457202505219207	0.0442135921089776	0.365161952629966	0.360927152317881	0.0530155090195991	0.390303475168796	0.383606557377049	0.0463235652282048
GCF_000002525.2_ASM252v1	6472	9465522	1462.53430160692	1209	1095.92349023954	0.536954681055194	0.536875686232841	0.0385644372413052	0.564342371047953	0.565578702333748	0.0511901841059295	0.410080161192228	0.402985074626866	0.0582047402170064	0.636441510925399	0.637269801537636	0.0848101605902425
GCF_000002545.3_ASM254v2	5213	7930791	1521.3487435258	1263	1132.40782374354	0.416124117394679	0.406544647809207	0.0533700914958631	0.464382055503934	0.460556844547564	0.0532419495060851	0.362728736747896	0.357142857142857	0.0568696515664842	0.421261559932208	0.390492359932088	0.11152372414775
GCF_000002655.1_ASM265v1	9630	14242587	1478.98099688474	1248	1114.17779797122	0.542055959438483	0.538917759195266	0.0360387012578005	0.572856466038115	0.573398456687424	0.0437286896815096	0.448279967228408	0.444444444444444	0.0520491408229672	0.605031445048927	0.592054784226051	0.0834623625131806
GCF_000002715.2_ASM271v1	9121	13531958	1483.60464861309	1242	1194.03183264281	0.557147389617434	0.552998605299861	0.04512722549634	0.581823699504601	0.58125	0.0462896228329197	0.448045837242044	0.443686006825939	0.0547560108718801	0.641572564675248	0.627737226277372	0.102372218949072
GCF_000002855.3_ASM285v2	10609	16212945	1528.22556320106	1299	1123.38484950644	0.544100711278868	0.543729372937294	0.0362689430291197	0.572495962901333	0.57356608478803	0.0441981661550497	0.443761830124797	0.440092165898617	0.0505318055813289	0.616044418531015	0.610599078341014	0.0817888651368946
GCF_000002945.1_ASM294v2	5132	7161055	1395.37314886984	1137	1113.98631732446	0.398817813676987	0.395928981474342	0.035071994943749	0.478667229286557	0.478787878787879	0.0552415040883029	0.381358057595068	0.377551020408163	0.0536318367188298	0.336428147601187	0.327586206896552	0.0522389513096598
GCF_000003125.1_JCVI-TSTA1-3.0	13252	19094732	1440.89435556897	1186.5	1118.89970331544	0.489565642203329	0.489659627550566	0.0289615795081712	0.54700965649699	0.546974203550404	0.042875508704381	0.430369904193347	0.426705834200249	0.0518920240989148	0.49131650417468	0.486898073836276	0.0598700508806503
GCF_000003515.1_ASM351v2	7760	11197040	1442.9175257732	1191	1123.10245538943	0.517444419671767	0.513685905585219	0.0370467084303316	0.562605028373784	0.5625	0.0435242071958992	0.446337804435723	0.441918001526713	0.0565226711200905	0.543390402328717	0.531898348830284	0.0727841464502215
GCF_000003835.1_ASM383v1	5936	8246328	1389.20619946092	1143	965.788973656446	0.47311328496785	0.462565925246503	0.0568093628150719	0.507059003939231	0.49662914539367	0.0716646281260066	0.391174272584166	0.380952380952381	0.0680261708739617	0.521106578380152	0.502328291863176	0.101798572936993
GCF_000003855.2_BD_SLH14081_V1	9587	12921375	1347.80171064984	1086	1074.54384055154	0.515280936357255	0.514035087719298	0.0430102226287117	0.554476943133858	0.557432432432432	0.0505236752326629	0.449521328171214	0.447592067988669	0.0591392682750907	0.541844537766693	0.53125	0.0812416419053075
GCF_000004155.1_SCY4	5180	7031071	1357.34961389961	1104	1087.02094142646	0.411345805171195	0.408070630740656	0.0322885597090612	0.490367633683465	0.489859401146105	0.0509718897946411	0.384729267318459	0.381477913498068	0.0520271555648612	0.358940347317211	0.35	0.050802036913716
GCF_000006275.2_JCVI-afl1-v2.0	13485	17055840	1264.80088987764	1059	1021.18747225219	0.521945704056045	0.51981351981352	0.0325140164165681	0.561243006617515	0.562913907284768	0.0460114151249154	0.440198279998306	0.436363636363636	0.052781350297927	0.564395809948077	0.555555555555556	0.0703669325695968
GCF_000006335.3_ASM633v3	6254	9100553	1455.15717940518	1213.5	1020.40255322148	0.341284297533553	0.343380482486792	0.0460048932454719	0.423648368649317	0.423687207768853	0.056816143232787	0.350315895177646	0.345743809463802	0.0667334758812124	0.24988856119619	0.251617087151165	0.0907411718747896
GCF_000006445.2_ASM644v2	6286	9037332	1437.69201399936	1213.5	1075.24908466432	0.380144383989954	0.37658345368269	0.0387486258293485	0.427932377566391	0.427083333333333	0.0496032057258641	0.354686667193926	0.351619193927979	0.0579793684259701	0.35781407504522	0.343003682938251	0.0706221501123306
GCF_000026365.1_ASM2636v1	4991	7442310	1491.14606291324	1227	1107.14319354185	0.402011557847359	0.399470899470899	0.0282587964603133	0.47475964770247	0.472636815920398	0.0458021450857562	0.374760719437579	0.370579915134371	0.0554515943884535	0.356514306402027	0.352791878172589	0.0496932600016683
GCF_000026945.1_ASM2694v1	5860	8927664	1523.49215017065	1272	1100.35630737559	0.348115583330754	0.353266466956299	0.0491952702397854	0.422774558271678	0.425517635299158	0.0546046454531521	0.348941845349596	0.345853223321997	0.0620019246165872	0.272630346370988	0.287769784172662	0.0969496680516142
GCF_000027005.1_ASM2700v1	5040	7213581	1431.26607142857	1191	1034.11812292445	0.420382002422458	0.418175745430254	0.0274360911620027	0.473243338653969	0.47110869973498	0.0440957581430402	0.367186973309513	0.363852889865646	0.053489160100955	0.420715484471628	0.414285714285714	0.0469194032595298
GCF_000091025.4_ASM9102v4	4776	7019736	1469.79396984925	1218	1095.29786766155	0.548987508895275	0.542468007536274	0.0726733182107002	0.567781504054964	0.559308452846588	0.0725347502859176	0.411296829349527	0.405594405594406	0.0620368233890119	0.667884193281332	0.662020398251578	0.135282883104356
GCF_000091045.1_ASM9104v1	6863	11110923	1618.96007576861	1353	1130.99328460918	0.51196608382521	0.507307873644507	0.0323011125243792	0.558239208581792	0.558394160583942	0.043230007259157	0.451074147361061	0.445987654320988	0.0556772122594157	0.526585263616583	0.512328767123288	0.0709716182318563
GCF_000091225.1_ASM9122v1	1996	2156475	1080.39829659319	852	810.164332584188	0.476003891574039	0.475783475783476	0.034718090624184	0.488161438051706	0.48936170212766	0.0444312659768621	0.370224432536203	0.363971575033551	0.0549744457637118	0.569625804134207	0.570442767235701	0.0645534291697518
GCF_000142805.1_ASM14280v1	5092	7516299	1476.09956794973	1230	1076.98755817118	0.492577459380747	0.47941293796355	0.057738071752377	0.523268464687331	0.517766497461929	0.0544664902865298	0.396185146366391	0.390070921985816	0.0586615177834446	0.558278767088519	0.528633762696618	0.114458936117361
GCF_000143105.1_Sanger-454-IlluminaPA_2.0	8312	13620141	1638.61176612127	1350	1242.80894272727	0.602445634028909	0.607968150428601	0.0470210541221495	0.614402620612359	0.615384615384615	0.0564543722595217	0.472794911718684	0.469436522317169	0.0594753963307003	0.720139396900703	0.73134328358209	0.0942722292693359
GCF_000143185.1_v1.0	13194	17717158	1342.8193118084	1107	1001.12091059725	0.600148206555536	0.598765432098765	0.0357613822312292	0.604737695701919	0.605263157894737	0.0475016713504399	0.468961777198114	0.45842963516507	0.0655323312348355	0.726745510534922	0.724728888540892	0.0814475630953026
GCF_000143365.1_ASM14336v1	11048	16467273	1490.52072773353	1197	1246.0347086215	0.598961348358447	0.597855983935379	0.0370725373105619	0.601041211402939	0.600775485053878	0.0471215659620465	0.477105938811666	0.470531128961218	0.0623408664858455	0.718736928576298	0.716049382716049	0.0848400113091036
GCF_000143535.2_ASM14353v4	13703	20336601	1484.09844559585	1227	1153.35568097095	0.465479414030137	0.461711711711712	0.0294589497083908	0.523439349928341	0.524495677233429	0.0454516898139224	0.435458096058067	0.429292929292929	0.0569143490872564	0.437540796104002	0.427777777777778	0.0641600787839284
GCF_000143565.1_V1.0	18215	20155923	1106.55629975295	864	939.770652921785	0.503734260681402	0.50500200080032	0.036830201461266	0.540967771100866	0.545454545454545	0.0527176425886534	0.448022120430915	0.442307692307692	0.0608448086636067	0.522212760288918	0.520979020979021	0.0653266265160083
GCF_000145635.1_Gae_graminis_V2	14650	18976687	1295.33699658703	1029	1120.44343625148	0.622407506416978	0.627225538884193	0.0645498843250266	0.612412613326947	0.617036649858566	0.0697522435170196	0.493586756783546	0.488783646265502	0.0744343126313743	0.761223820037233	0.770718445218775	0.123240505938181
GCF_000146045.2_R64	6008	8819445	1467.95023302264	1198.5	1148.87088047494	0.402129866175593	0.397886107359362	0.038256227971429	0.446571570947602	0.445561392873981	0.0511613157612649	0.36755606551818	0.363071710897798	0.0575242825771098	0.392261962060997	0.377396190592847	0.066063880756055
GCF_000146465.1_ASM14646v1	1938	1988530	1026.07327141383	807	816.96153047713	0.419107240195603	0.418876820088042	0.0324834980164572	0.45669595149492	0.458626891590176	0.0446448240062896	0.338296729451516	0.336206896551724	0.0482024571759735	0.462328554636649	0.460386085268314	0.0642610171889383
GCF_000146915.1_ASM14691v2	15994	18276761	1142.72608478179	921	1030.75057288918	0.543628040386412	0.541937332152248	0.0380021451200687	0.56651842578663	0.567620091134892	0.0516441905130894	0.450197551918514	0.441441441441441	0.0632223960961598	0.614168239043516	0.607311504621896	0.0816313330455336
GCF_000146945.2_ASM14694v2	14490	15829641	1092.45279503106	819	1067.99818912618	0.454566458417633	0.45550408764794	0.0355576961971821	0.510776881696114	0.516129032258065	0.0575894559089631	0.426863487692884	0.423809523809524	0.0626759805302879	0.426059005863901	0.423423423423423	0.069834751441483
GCF_000149035.1_C_graminicola_M1_001_V1	12020	16793163	1397.10174708819	1161	1140.8729453833	0.586327424023833	0.582717222349631	0.0514709108436588	0.585217194886093	0.584802724109853	0.0517358839435377	0.456963534892313	0.450980392156863	0.0601998574855098	0.716801542293094	0.710526315789474	0.111761586522551
GCF_000149205.2_ASM14920v2	9556	15249987	1595.85464629552	1323	1230.56241480677	0.53568517231534	0.535639412997904	0.033688413020596	0.572091247864452	0.572827520076711	0.0414251415170031	0.447006033686636	0.444444444444444	0.0505138301990819	0.58795823539493	0.583022036993156	0.0737027542872053
GCF_000149245.1_CNA3	7826	12303735	1572.1613851265	1308	1147.88232964251	0.508180544959075	0.504560649585741	0.0316188165548992	0.554868322316331	0.555682412153233	0.0442741820626142	0.451303952170036	0.44703423933039	0.0556948420670789	0.518369357109861	0.507119972422464	0.0682469659602511
GCF_000149335.2_ASM14933v2	9910	12958122	1307.58042381433	1044	1109.96494701909	0.509131532339869	0.508877760532868	0.0428972518893502	0.552137387970911	0.555555555555556	0.0506742931029872	0.446166865707321	0.443396226415094	0.0646729675645913	0.529090343341375	0.52205029343524	0.0707657837512594
GCF_000149385.1_ASM14938v1	6578	10714170	1628.78838552752	1369.5	1114.71433523406	0.512355328787424	0.507520682347795	0.0322331055353692	0.559147379620478	0.558635875664861	0.0420208234469392	0.450461645991149	0.445322916666667	0.0548837191964706	0.527456960750643	0.51312656641604	0.0700318779001557
GCF_000149425.1_ASM14942v1	5920	8302322	1402.41925675676	1185	955.848954113055	0.447623426620928	0.445362718089991	0.0295203653615039	0.491814014623321	0.490909090909091	0.0460537092610261	0.379868259928719	0.375	0.053478403822278	0.471187929685483	0.467248908296943	0.0569847383373136
GCF_000149555.1_ASM14955v1	20574	28632792	1391.69787109945	1173	1059.60237679374	0.518405521027388	0.516129032258065	0.0304710019453971	0.562453788485404	0.563704585161849	0.0478518411242865	0.44164587180946	0.435022180147706	0.0555646549226466	0.551116902787298	0.541850220264317	0.0670928372821645
GCF_000149585.1_ASM14958v1	9313	12227433	1312.94244604317	1074	1044.70427070295	0.511787089017427	0.508333333333333	0.0417898394719448	0.556436085576791	0.557651991614256	0.0510980891258646	0.44246495258944	0.439153439153439	0.0584401135581436	0.53646054246464	0.525862068965517	0.0775092199987587
GCF_000149615.1_ASM14961v1	10401	15615672	1501.36256129218	1263	1106.73884791263	0.569414552881736	0.566239316239316	0.0458974396766554	0.587408227212393	0.586080586080586	0.0477725344487714	0.450443882686214	0.444857496902107	0.0533645114809189	0.670391521831427	0.65993265993266	0.101310806171734
GCF_000149645.1_ASM14964v1	10395	15249903	1467.04213564214	1227	1100.5156042963	0.543865055960194	0.540763673890609	0.035371075654325	0.575339228768087	0.575	0.0434722280946799	0.445410258713159	0.441326530612245	0.0531961551210194	0.610845718716804	0.599406528189911	0.0805991665732457
GCF_000149685.1_ASM14968v1	5799	8866944	1529.04707708226	1266	1065.41546019362	0.405302568928323	0.404674046740467	0.0269396277963832	0.461102611539256	0.460277427490542	0.0538146756037098	0.364959128470544	0.360696517412935	0.0577516433562632	0.389845966775169	0.386308068459658	0.0489642373485766
GCF_000149845.2_SJ5	4878	6846852	1403.61869618696	1146	1101.24703437079	0.460583300888193	0.456119903488325	0.0462840529568593	0.525879485627778	0.525776512770784	0.0510276533307815	0.400333009659231	0.394319419998324	0.0573684038823844	0.455537407377569	0.439147125304643	0.0868033192733006
GCF_000149925.1_ASM14992v1	15979	18972793	1187.35796983541	927	1005.69502301137	0.497262295440573	0.495459132189707	0.0447168035815162	0.533029530502098	0.532203389830509	0.0531462816391249	0.438233104062972	0.432291666666667	0.0650541559786453	0.520524271995311	0.515366430260047	0.0744103074380711
GCF_000149955.1_ASM14995v2	27347	35760474	1307.6561962921	1101	1032.13373206543	0.51532851148472	0.512820512820513	0.0307794398873886	0.558540504850746	0.560283687943262	0.0486277454908305	0.439610761734142	0.434210526315789	0.0550896889349665	0.547834267869273	0.538674033149171	0.0669200488460818
GCF_000149985.1_ASM14998v1	12169	16413682	1348.81107732764	1110	1101.29965802867	0.537197804311766	0.535980148883375	0.0318101263685384	0.568080320657809	0.568825910931174	0.0462812753837568	0.444778405625745	0.438413361169102	0.0583903578909399	0.598734781004106	0.595541401273885	0.0685111668513284
GCF_000150035.1_ASM15003v1	5367	8115264	1512.06707657909	1209	1375.4386180673	0.349865841442897	0.345679012345679	0.0386174355225277	0.417307783723565	0.415730337078652	0.0544368001124246	0.3505496002311	0.345609065155807	0.0599175927139846	0.281739543243644	0.268131868131868	0.0604399852826722
GCF_000150505.1_SO6	4986	6922074	1388.30204572804	1131	1095.41086131601	0.411089753481682	0.406819954214988	0.0326039463975183	0.490298681727993	0.489007498653557	0.0498690721891223	0.38509332018538	0.381818181818182	0.0516550663049478	0.357877258531674	0.346547750013097	0.0532663217625022
GCF_000150675.1_ASM15067v2	10535	14984087	1422.31485524442	1188	1064.30897645529	0.597580912181807	0.593650793650794	0.0478294429937223	0.60178910356187	0.6	0.0495536846292672	0.465777895089469	0.460076045627376	0.0594691691792663	0.725175888816991	0.718374884579871	0.105826611744273
GCF_000150705.2_Paracocci_br_Pb01_V2	8826	11892612	1347.45207341944	1083	1143.90246658397	0.506945846648137	0.504513234164397	0.0362893028064185	0.551950008808324	0.552606420448828	0.0469816361701637	0.445787387106902	0.442421334263945	0.0580597291531422	0.523100144029184	0.514695598519128	0.0707091875538809
GCF_000150735.1_Paracocci_br_Pb18_V2	8390	11673144	1391.31632896305	1129.5	1152.33012012235	0.509594969208449	0.506721856950437	0.0355225389057033	0.554024894474026	0.554243484550727	0.045763945588285	0.446116952879309	0.442974881402619	0.0573560751242525	0.528643060272012	0.519171828623048	0.0710473214713805
GCF_000150825.1_ASM15082v1	10237	13444173	1313.29227312689	1089	979.508194752459	0.592560543614533	0.589147286821705	0.0484400285764378	0.599548435974594	0.59765625	0.051457448103252	0.468363921961713	0.461240310077519	0.0630551735455862	0.709769272907292	0.704312114989733	0.102319730332032
GCF_000150975.2_MS_CBS118893	8921	12798813	1434.68366775025	1188	1190.55398960519	0.515660123575785	0.510766580534022	0.0407914513665799	0.559430213344271	0.55960729312763	0.0459479568533314	0.44588947251655	0.440340909090909	0.0556225565031101	0.541660655198521	0.525059665871122	0.0866658975149407
GCF_000151125.1_ASM15112v2	7974	11831547	1483.76561324304	1221	1192.78446008032	0.512327463472254	0.506861558182595	0.0413377796506548	0.560202803935308	0.559514609553249	0.0498432190132836	0.44028577549913	0.435483870967742	0.0559860892591795	0.536493829694738	0.520187605315301	0.0866645519771743
GCF_000151145.1_ASM15114v1	8765	12802803	1460.6734740445	1206	1179.77184162782	0.51074460206988	0.505223171889839	0.0398619171190828	0.555814343694579	0.556008146639511	0.0444310790266684	0.442953449847556	0.438053097345133	0.0526324051502625	0.533466012667505	0.516049382716049	0.0855857668574884
GCF_000151335.2_JCVI-cpa1-1.0	7227	11344621	1569.75522346755	1311	1152.72758856506	0.513081836087542	0.509842519685039	0.0318184311379465	0.56156203179178	0.560830860534125	0.0400246016255582	0.442960707511009	0.438585209003215	0.0528610782894845	0.534722795953061	0.522776572668113	0.0682008108509121
GCF_000151355.1_v2.0	15708	22644411	1441.5846065699	1237.5	1001.81605360907	0.545430258948743	0.54232506985316	0.0332233705179764	0.573905052015947	0.574249924992499	0.043944522343948	0.440806610177021	0.436305732484076	0.0489090113459879	0.621579078191189	0.611111111111111	0.0746909379080652
GCF_000151425.1_ASM15142v1	8706	12130270	1393.32299563519	1140	1157.16351871503	0.515054696604823	0.508698562365404	0.0412204397314207	0.558485701514116	0.557935210316754	0.0464893367365241	0.44780144579062	0.441569598786094	0.0570977181867137	0.538877102962214	0.5220523394543	0.0879302650869848
GCF_000151505.1_ASM15150v1	8028	11793001	1468.98368211261	1212	1169.29962431331	0.51188949934128	0.506254890453834	0.0412293543010293	0.559576604575845	0.55869843771619	0.0496072547899764	0.439406249249897	0.434782608695652	0.0557659216787974	0.536685689342565	0.520547945205479	0.0873357686162029
GCF_000151645.1_ASM15164v1	7496	9864156	1315.92262540021	1080	1097.37885471862	0.516385485946582	0.516228977512163	0.0420537527864674	0.546328599328635	0.551724137931034	0.0562461765411922	0.450748478306328	0.445868080635629	0.0625734714378572	0.552079409543562	0.545185113632372	0.078370025206266
GCF_000167675.1_v2.0	9122	13509950	1481.02937952203	1228.5	1357.39881438441	0.584269785935735	0.585407997080848	0.0463054219264153	0.586021667978994	0.587433124481447	0.0486205956531111	0.449072425283953	0.443974459865503	0.0574079590674434	0.717716835197122	0.718552960304556	0.104896639630741
GCF_000170995.1_TRIVI_v2.0	12406	17542900	1414.06577462518	1143	1363.34022052409	0.53311350798834	0.532217553688142	0.0467764134318197	0.565159779799795	0.566623479582789	0.0473560556077852	0.440221512982465	0.433896171748836	0.0550067487099548	0.593959501834385	0.585029198745848	0.103449752600788
GCF_000171015.1_TRIAT_v2.0	11817	16200483	1370.94719471947	1125	1217.57562103796	0.536960473351103	0.534653465346535	0.0486225242523041	0.565353237012026	0.567357512953368	0.0504175634375316	0.443828235138139	0.436823104693141	0.0577977891155234	0.601700417899271	0.587096774193548	0.106920443615649
GCF_000181695.1_ASM18169v1	4286	6217176	1450.57769482035	1188	1067.85022567018	0.526245997878566	0.526773898225195	0.0369080406503249	0.593446178465187	0.595375722543353	0.0494832900241802	0.44714816117063	0.444343909778711	0.0576073070162808	0.53814382541251	0.531346864330329	0.0740640086171353
GCF_000182565.1_S_punctatus_V1	9422	14702140	1560.40543409043	1218	1333.82328216922	0.498607375012128	0.49724584334736	0.0257921087628622	0.560095604198254	0.560394578996855	0.0418455013495942	0.433208130703266	0.429673936026064	0.0552581180746059	0.502518380834103	0.497619047619048	0.0485590487722041
GCF_000182805.2_ASM18280v2	10090	15233495	1509.76164519326	1242	1186.84747959093	0.565253439471537	0.563744483534401	0.0368232416022963	0.572922181476896	0.573791474982698	0.049753328240265	0.45375136445121	0.448525664088265	0.0607210924574366	0.66908759608822	0.664819817054454	0.0878114084597345
GCF_000182895.1_CC3	13356	18539919	1388.13409703504	1131	1058.74415801232	0.5382673233371	0.536796536796537	0.0287536915105606	0.566666600469227	0.567567567567568	0.0442152771911274	0.454454230010118	0.447937253651428	0.0579081360098851	0.593681162735332	0.589285714285714	0.0595541236823533
GCF_000182925.2_NC12	10812	16929975	1565.85044395117	1288.5	1330.72035087077	0.561181150606309	0.561056105610561	0.0346301498915365	0.572038019317601	0.573114586301139	0.047764580661559	0.456969315375543	0.451268950362364	0.0612343198724572	0.654536117125784	0.650432110540677	0.0864577812177546
GCF_000182965.3_ASM18296v3	6030	8955536	1485.16351575456	1239	1078.68037139584	0.351239504834326	0.35342763164025	0.0444288122541797	0.425174729864743	0.426294820717131	0.0534028915727605	0.351411780240514	0.346974831862127	0.0623514873281988	0.277130147214798	0.2831142592172	0.0899363615982863
GCF_000184455.2_ASM18445v3	12074	16292295	1349.3701341726	1117.5	1039.56094223033	0.521479279349847	0.519174041297935	0.0322604736926728	0.562267401757155	0.562814070351759	0.0439481278936122	0.43932145967737	0.435247979959981	0.0506336796075863	0.562848976615017	0.554139941312421	0.0704133360998341
GCF_000185945.1_ASM18594v1	6576	10238083	1556.88610097324	1308	1123.35725947905	0.507085892578712	0.503846880214675	0.0304618669262287	0.55601461492487	0.556059361199548	0.0440815633388648	0.449802443186856	0.444976076555024	0.0553324337935608	0.515440557428799	0.50314465408805	0.0666875300608053
GCF_000187245.1_Hansenula_2	5325	7506306	1409.63492957746	1200	981.323653990427	0.491137074485302	0.488230827638573	0.0490915480042812	0.516481446789128	0.515151515151515	0.0492229049361699	0.375933958185839	0.3725	0.0535845989018445	0.580995818480941	0.575	0.104175396646061
GCF_000187405.1_MetAcr_May2010	9849	14587508	1481.1156462585	1221	1197.09326684629	0.547406791372981	0.53991441640844	0.0441181889518699	0.575982128299186	0.573692397433405	0.0441559594590166	0.449951305277161	0.445714285714286	0.0536616453444879	0.616286903764677	0.595744680851064	0.100578397436383
GCF_000187425.2_MAA_2.0	11688	17245170	1475.45944558522	1221	1220.18726737586	0.55052199945207	0.541666666666667	0.0485519117003808	0.576681819142958	0.574268402450001	0.0456446425797004	0.450705952590742	0.445454545454545	0.0547571834457737	0.624178226622509	0.602941176470588	0.108416217787172
GCF_000192795.1_Vavr_culi_floridensis_V1	2773	2869855	1034.92787594663	777	830.172446309524	0.421364503451392	0.41875	0.0463876763995268	0.450438724971912	0.449131513647643	0.0546435125179854	0.331454893294194	0.324786324786325	0.0580468250192255	0.482197787048937	0.477941176470588	0.0911301033940573
GCF_000203795.1_v1.0	8700	11736689	1349.04471264368	1038	1183.72728423217	0.425657778803753	0.424332440119409	0.0302384059040002	0.506529694360351	0.506063231973111	0.0494424854937533	0.402844233103229	0.397959183673469	0.05880449999136	0.36760144670014	0.362068965517241	0.0529949698945611
GCF_000204055.1_v1.0	16380	18387230	1122.54151404151	900	868.565874575288	0.43528046541238	0.443341597841376	0.0540267118576198	0.502446673093933	0.506253007699711	0.0610611148754967	0.419951071000641	0.418316831683168	0.0616595078395255	0.383442129984401	0.399500449034576	0.0974658893900189
GCF_000209165.1_ASM20916v1	5818	8605825	1479.17239601238	1251	1045.09309643251	0.432769422473174	0.431623931623932	0.0305623728761063	0.457391713163751	0.456310679611651	0.0456805757071987	0.364768313489451	0.36032723900371	0.0553415525560619	0.476148250916297	0.475873156669254	0.0704005958572961
GCF_000213175.1_v2.0	10380	14562310	1402.92003853565	1152	1172.00233445814	0.555360737582436	0.55846147675263	0.0448844190105489	0.566380166008817	0.57103825136612	0.0567871693547982	0.456150825885006	0.451670477420093	0.0656470599614265	0.643550684993825	0.642709985828204	0.0949842113412455
GCF_000218685.1_v1.0	12928	13205391	1021.45660581683	795	930.648238601989	0.487804589160847	0.486372479660417	0.0363740764916831	0.538448915069065	0.542168674698795	0.0536713521732421	0.435555032287238	0.430489167406259	0.0597482479603784	0.489397282590979	0.4824651835775	0.0672371699281498
GCF_000219625.1_MYCGR_v2.0	10963	14409049	1314.33448873484	1077	1035.34063948851	0.557194519802668	0.55524861878453	0.0252211148922198	0.575578375815697	0.576923076923077	0.0444271252508189	0.452007266512016	0.446096654275093	0.0570444754118141	0.643999142079329	0.63963963963964	0.0637942397667378
GCF_000221225.1_CTHT_3.0	7226	11902701	1647.20467755328	1348.5	1239.29356360243	0.570000676983651	0.57088122605364	0.0333293390361424	0.588558076898878	0.588729453968067	0.042744188767404	0.455436863632085	0.451169098784642	0.0592546768018897	0.666007080295533	0.664834667069304	0.0767953799384662
GCF_000223465.1_Candida_tenuis_v1.0	6985	8850757	1267.10909090909	1077	909.647808380285	0.441704327678135	0.439040207522698	0.0407115824681135	0.458934637682087	0.457865168539326	0.05267385204455	0.361631165565818	0.359550561797753	0.0564542106227116	0.50454845146752	0.5	0.0875749379967367
GCF_000223485.1_Spathaspora_passalidarum_v2.0	5983	8101550	1354.09493565101	1113	1009.25208827088	0.389892258656891	0.388548057259714	0.0338686032025531	0.452406723962159	0.451612903225806	0.0510082468724573	0.358791254662696	0.354166666666667	0.0596867383385925	0.35846375770685	0.349854227405248	0.0672090138951
GCF_000225545.1_AOL24927_1.0	11479	17203295	1498.67540726544	1224	1176.41585528054	0.487871111108056	0.486111111111111	0.0275356872273988	0.533870813901173	0.534391534391534	0.0445935759975228	0.437200323138716	0.429250891795482	0.0586414829867703	0.492542274183258	0.486678507992895	0.0530469589513676
GCF_000225605.1_CmilitarisCM01_v01	9651	14644389	1517.39602113771	1287	1135.8305735697	0.59289259889753	0.58751902587519	0.0548960786081323	0.602026264337673	0.599216710182768	0.0524596083844903	0.464942267258585	0.460750853242321	0.0569639517110714	0.711709265096333	0.706713780918728	0.115876126694957
GCF_000226095.1_ASM22609v1	9098	12944579	1422.79391074962	1164	1189.25730889062	0.614424910943142	0.616666666666667	0.0535397807483353	0.606757381835411	0.608715855826733	0.0569981089317139	0.471856270363612	0.46912549722789	0.0676695670762338	0.764664115278059	0.771349862258953	0.107115899741255
GCF_000226115.1_ASM22611v1	9802	13641972	1391.75392776984	1143	1102.60470285107	0.629270479112326	0.632639953862084	0.0547540785786064	0.615965552310217	0.619866614100795	0.0607481782266885	0.478162186318299	0.474738358312366	0.074331755815091	0.793685944441454	0.802937686526914	0.0997947665828679
GCF_000226395.1_PenChr_Nov2007	12791	17264281	1349.72097568603	1107	1055.73587130397	0.527703095767229	0.526743075453677	0.0359986654749343	0.56479209407392	0.566844919786096	0.0484380761272742	0.448384790425102	0.443585780525502	0.0530868375656277	0.569933372426766	0.561881188118812	0.0767315283214573
GCF_000226545.1_ASM22654v1	10527	15699691	1491.37370570913	1233	1142.50379097504	0.560213671885758	0.559856630824373	0.030438391555076	0.567449846201456	0.56782334384858	0.0443744368548127	0.454238111606066	0.449074074074074	0.0568682838878112	0.658953192202542	0.658362989323843	0.0753849505504727
GCF_000227115.2_ASM22711v2	5546	8624300	1555.04868373603	1287	1117.06087745541	0.35068342834926	0.35053226701018	0.0323710882245081	0.417973715035153	0.418604651162791	0.0522850054880472	0.35336487062685	0.348581488933602	0.0555466634616074	0.280711405019167	0.277566539923954	0.0474771111662142
GCF_000230375.1_ASM23037v1	12469	15689736	1258.29946266742	1002	1163.6354331245	0.540601600545185	0.540591096146652	0.0405094469704858	0.564624499401086	0.568	0.0552271425544297	0.461688156521137	0.45625	0.0642813506338871	0.595492145713332	0.59047619047619	0.0803618339584069
GCF_000230625.1_Exop_derm_V1	9578	14396872	1503.11881394863	1287	1070.33843660905	0.540644224439887	0.539974532827749	0.0266176044559752	0.570934966555584	0.572430174461463	0.0438166521226241	0.453468454730898	0.447761194029851	0.0569767389440229	0.59752923213874	0.59389754616186	0.0634941434357036
GCF_000231115.1_Vitt_corn_V1	2239	2150808	960.610987047789	768	676.581646171713	0.384311935998793	0.382352941176471	0.0404085802407608	0.4304483333369	0.429906542056075	0.0474921303941642	0.323920482946658	0.319727891156463	0.0491721720812125	0.398565513523574	0.39484126984127	0.0737340142098542
GCF_000235365.1_ASM23536v1	4432	6478350	1461.72157039711	1215	1055.61546824344	0.420881800560832	0.414525093550517	0.0436639090299022	0.472886624317358	0.469964101266297	0.0493711361732348	0.37482422812501	0.370220886795517	0.055689588432787	0.414934564860934	0.4	0.0761048509942018
GCF_000236905.1_ASM23690v1	5252	8043821	1531.57292460015	1260	1123.41687107245	0.355665717667911	0.347466129532835	0.0484817172157058	0.416618613112378	0.41336375286798	0.0545879638796783	0.343818851972141	0.339280030917523	0.0586314359637913	0.306559605700436	0.282708523645563	0.0846832936070977
GCF_000237345.1_ASM23734v1	5589	8321832	1488.96618357488	1239	1073.05608418586	0.383115408268617	0.377401129943503	0.0358313009360315	0.439479765168611	0.4375	0.0475360515562891	0.360282898625671	0.35625	0.0552643916282397	0.349583985697422	0.332089552238806	0.069976984335337
GCF_000240135.3_ASM24013v3	13313	17844706	1340.39705550965	1101	1111.28980454463	0.516588795003512	0.514009661835749	0.0327652130425103	0.559683875252529	0.560693641618497	0.0481280689649689	0.437206250148828	0.431137724550898	0.0538544213654218	0.552876186008658	0.542435424354244	0.0720331849072575
GCF_000243375.1_ASM24337v1	4970	7254400	1459.63782696177	1218	1069.6346396994	0.431870274228085	0.43010752688172	0.0244157402728837	0.483787781287444	0.481751824817518	0.043624800074391	0.3752569464601	0.371338014384445	0.0507566229723385	0.436566060924837	0.432815759910127	0.0443587354974507
GCF_000250985.1_Nema_parisii_ERTm1_V3	2661	2936754	1103.62795941375	850	869.403321807466	0.365808798263627	0.36902966314731	0.0531445400126429	0.418263055520491	0.423076923076923	0.0660886201834219	0.330863927556416	0.328467153284672	0.0572530138326912	0.348298371686839	0.349462365591398	0.0782397588058506
GCF_000263375.1_Wallemia_sebi_v1.0	5277	6691410	1268.03297328027	1023	992.341880379674	0.421290098450332	0.421911421911422	0.0380283613484547	0.49400155498354	0.496732026143791	0.0544276917646161	0.391478091907563	0.390625	0.0542412410311263	0.378389894786199	0.376543209876543	0.066296826583611
GCF_000264905.1_Stehi1	14068	19306861	1372.39557861814	1137	1032.78403515401	0.540648004832253	0.538461538461538	0.0311786652452894	0.563917455117122	0.565452318102933	0.0443388500913432	0.45867206011645	0.451612903225806	0.0580348162901694	0.599354471865802	0.593103448275862	0.0680796269274829
GCF_000264995.1_Punctularia_strigosozonata_v1.0	11541	15236412	1320.19859630881	1077	1010.68157900677	0.57515031673752	0.567816091954023	0.0474004152511882	0.590834462859424	0.591772151898734	0.0494109603590757	0.465122370320631	0.456445993031359	0.0631283529435643	0.669494574350981	0.65281173594132	0.0980098896418942
GCF_000271585.1_Trametes_versicolor_v1.0	14303	18083742	1264.33209816122	1059	948.920683665673	0.603217740874984	0.602474864655839	0.0402638204754152	0.608115060951507	0.60972850678733	0.0493557929795875	0.47100020772017	0.461805555555556	0.0648497168293747	0.730540088521725	0.728323699421965	0.0836709610502527
GCF_000271605.1_Fomme1	11338	14548321	1283.14702769448	1032	1013.60576494194	0.500186645067666	0.501628664495114	0.0376602851920628	0.55429226875816	0.557575757575758	0.0520146901162625	0.445963355699127	0.440890634098743	0.062366380876426	0.500302610972308	0.499444328508047	0.0604604284887803
GCF_000271625.1_Conpu1	13758	18071107	1313.49811019043	1080	997.720640446058	0.558225430397893	0.55358180935396	0.0488969066343917	0.580372028528412	0.58128078817734	0.0514310462113751	0.457406781557473	0.450292397660819	0.0599101156095029	0.636897440962381	0.623574144486692	0.0994785480272352
GCF_000271645.1_Treme1	8309	11607134	1396.9351305813	1098	1079.51742983774	0.476419823594628	0.476851851851852	0.0430155078155922	0.540644416381189	0.541304347826087	0.050244958879489	0.451806722116058	0.446428571428571	0.0591021533840494	0.436805036091002	0.441964285714286	0.0822748941297533
GCF_000275845.1_Dichomitus_squalens_v1.0	12287	15438119	1256.45959143811	1035	978.343502605605	0.581975038951409	0.579617834394904	0.0401359564987539	0.594535626843133	0.596412556053812	0.0487853062335238	0.465068697049045	0.456724367509987	0.0633915818236933	0.686322596530901	0.68013468013468	0.0851250251189731
GCF_000277815.2_ASM27781v3	1847	1983955	1074.14997292907	855	822.900085775146	0.437733515437889	0.43801652892562	0.0320476767818474	0.464592792428503	0.465346534653465	0.0418698969263803	0.347468689749481	0.344	0.0457438929733262	0.501139119864675	0.5	0.0664896347149454
GCF_000280035.1_ASM28003v2	1831	1949670	1064.81157837247	843	824.062978386205	0.408648083883966	0.408340834083408	0.026384283962672	0.449536329583519	0.450371370695476	0.0413657094392553	0.33970899416156	0.336683417085427	0.0461810907901032	0.436699329531692	0.435555555555556	0.0522962154594341
GCF_000280675.1_ASM28067v1	10364	15547950	1500.18815129294	1257	1130.57228734503	0.57240270575158	0.566365007541478	0.0497842910280474	0.59197120357733	0.590100461179382	0.0486313167650359	0.455618334539973	0.450520833333333	0.0558112358440241	0.669618579137438	0.659543072138492	0.104450965380659
GCF_000281105.1_Coni_apol_CBS100218_V1	9308	13487287	1448.99946282768	1200	1092.41850087145	0.573933520345412	0.572115384615385	0.0354121276003665	0.587973159691073	0.587561638971164	0.0433199629369727	0.456825903696029	0.450802962138176	0.0580524678158362	0.677001382078498	0.67332005312085	0.0772511930583162
GCF_000293215.1_Trichosporon_asahii_1	8311	12365313	1487.82493081458	1200	1123.30207305312	0.618615804431813	0.620499226861056	0.0336803519414783	0.623257401997314	0.623315363881402	0.0475869875273311	0.474265107963859	0.468646864686469	0.0627655760194036	0.758324903334267	0.765027322404372	0.0817438566173027
GCF_000298775.1_ASM29877v1	10027	14950719	1491.04607559589	1200	1159.30056593863	0.544859711347733	0.541916167664671	0.0470293319102653	0.564635651749385	0.565420560747664	0.0487748196428455	0.453649065330847	0.44847775175644	0.060655090784646	0.616294416962968	0.607142857142857	0.101073774489765
GCF_000300555.1_Agabi_varbur_1	11280	13888051	1231.21019503546	1008	984.027675811855	0.491836258926921	0.488372093023256	0.0366586207152676	0.544341409980076	0.545753435516066	0.0500850476768816	0.440695161376352	0.432087118565106	0.0618502843698792	0.490472949874742	0.483777904265854	0.0664832525703043
GCF_000300575.1_Agabi_varbisH97_2	10450	13360415	1278.50861244019	1059	985.891063836465	0.490530496609323	0.48734904699549	0.032342437142928	0.54527739888019	0.546094338127501	0.0465908711831825	0.437456191701175	0.429906542056075	0.0578461492934025	0.488858348042059	0.482142857142857	0.0614608465262029
GCF_000300595.1_Phanerochaete_carnosa_HHB-10118-Sp_v1.0	13925	16026342	1150.90427289048	939	932.04906401292	0.562536994994789	0.560606060606061	0.0434999399163034	0.585271673467145	0.587044534412955	0.0524278144892295	0.457045122761293	0.449652777777778	0.0628971673749735	0.645295320293727	0.639566395663957	0.0856072752830351
GCF_000303195.2_FP7	12397	18143278	1463.52165846576	1221	1218.4401037796	0.518912124892576	0.517047335319431	0.0362236178707958	0.562166948157577	0.563934426229508	0.0501205868686301	0.436875775674961	0.431411530815109	0.0548450374649025	0.557693404412123	0.547619047619048	0.0741237270140895
GCF_000304475.1_Ka_CBS2517	5375	7854461	1461.29506976744	1200	1079.15072174455	0.373199467281868	0.37202380952381	0.0329148487928153	0.430209179473832	0.429824561403509	0.0490417774542001	0.353642189268958	0.349367088607595	0.0577515742334601	0.335746901819821	0.32967032967033	0.0531571016561248
GCF_000313485.1_ASM31348v1	6702	9777840	1458.94359892569	1251	1014.83339885951	0.308588846462922	0.309169524652432	0.0375145420309568	0.416444041755783	0.416379033313893	0.0558025044635935	0.346809450980046	0.344827586206897	0.0626283694429266	0.162513046652936	0.153225806451613	0.0634330593863716
GCF_000313525.1_ASM31352v1	9262	13265472	1432.24703087886	1179	1093.97386261876	0.537628726974808	0.53177828705841	0.0452431974396117	0.578758783942656	0.579245895944833	0.050621718250166	0.454502473932207	0.448160263255999	0.0608127801603384	0.579624923049562	0.566061261939491	0.0861427166003358
GCF_000315645.1_PdigPd1_v1	8946	12262431	1370.71663313213	1122	1187.49449718545	0.526617806256148	0.526666666666667	0.0352560008306064	0.566927583347732	0.571098244263382	0.0520978290134996	0.442904903639101	0.439224047828086	0.0552645172265281	0.570020931781612	0.563829787234043	0.0731259994597707
GCF_000315875.1_ASM31587v1	5687	8485663	1492.11587831897	1257	1063.29468517413	0.385346648832846	0.385964912280702	0.0255888517675204	0.450434021602112	0.449557522123894	0.045238164753496	0.359980763477459	0.355371900826446	0.0563780302324695	0.34562446700255	0.349056603773585	0.0515390526149048
GCF_000315915.1_ASM31591v1	5388	8761682	1626.14736451373	1320	1205.64366329463	0.340856525386455	0.333333333333333	0.0510141234340608	0.408014601458717	0.404155872193437	0.062816299580631	0.351338783767801	0.346432958932959	0.0634612222943292	0.263216198356	0.243723095765566	0.0762349532047462
GCF_000320565.1_Septoria_musiva_SO2202_v1.0	10156	13772284	1356.07365104372	1122	1070.78303457348	0.539477510608919	0.54056423531501	0.030399555740677	0.570421802266313	0.573297029914682	0.0499431118583095	0.452978057383226	0.446808510638298	0.0602690732495794	0.595032453702573	0.595238095238095	0.0651723050967268
GCF_000320585.1_Heterobasidion_irregulare_v2.0	13276	15136442	1140.13573365472	916	967.588304049003	0.554352793600329	0.542365776180805	0.066589174516486	0.578703258085239	0.578313253012048	0.0669259211378652	0.468452281188589	0.457546048722519	0.0777582513547589	0.615903276073333	0.593638554593357	0.118954575959283
GCF_000320785.1_RHOziaDV1.0	8140	13036007	1601.47506142506	1314	1135.2399513476	0.62655627532848	0.626202055122037	0.0221385555199833	0.620732137111761	0.622377622377622	0.0424461742617159	0.484842231235707	0.478141605522121	0.0661719483696334	0.774095150613134	0.774635121909706	0.0579642307603593
GCF_000328475.2_Umaydis521_2.0	6782	12019225	1772.22427012681	1461	1326.87786420677	0.558295198266282	0.558242010470386	0.0247393251661606	0.583513284579547	0.586206896551724	0.0421849521859269	0.469622349807513	0.466666666666667	0.0589763454491391	0.621750320276567	0.617129987129987	0.0623353012128062
GCF_000338955.1_Bauco1	10508	13139661	1250.44356680624	1014	1017.98116952855	0.5579818723955	0.556505500751025	0.0265873333426683	0.581228036664839	0.584385528595266	0.0488514785176912	0.462255937532433	0.454545454545455	0.0616157315405889	0.630461755601476	0.626407253295032	0.0698039234616135
GCF_000338995.1_Cocsa1	12214	16300469	1334.57253970853	1104	1083.45956535425	0.529145477792327	0.530836551013818	0.0417025752983896	0.562411286047794	0.565697494838489	0.0525927947614281	0.446641061797012	0.44	0.0622525262463956	0.578384105736128	0.577374078961839	0.0810625385368088
GCF_000340215.1_Mycfi2	13066	16794909	1285.39024950253	1056	1032.33868427949	0.530294793597023	0.529569892473118	0.0278780450922554	0.563041702054051	0.565644511945228	0.0474968650900379	0.449335603022841	0.444736842105263	0.0560129072611132	0.578507116825849	0.575455147302218	0.0594934886002492
GCF_000344685.1_Glotr1_1	11758	14912673	1268.30013607756	1047	960.231631023994	0.563823306065383	0.555806113732509	0.0489729971869043	0.583502046225549	0.583098591549296	0.0493080573990006	0.456926980142289	0.44948974332543	0.0613245314381024	0.651041803542022	0.630769230769231	0.104455366062927
GCF_000348985.1_ASM34898v1	5319	7971302	1498.64673810867	1233	1101.23838110715	0.487069009179582	0.480452674897119	0.0587342867797158	0.500615230020434	0.493630573248408	0.058468693610865	0.388344691291482	0.381526104417671	0.0576323291376746	0.572246743974039	0.565377532228361	0.112115432336705
GCF_000349005.2_Pneumo_murina_B123_V4	3623	4995724	1378.89152635937	1080	1122.55098039281	0.312055525333571	0.311284046692607	0.0376137310233947	0.414619148358263	0.41358024691358	0.0615141119528552	0.332462806202866	0.331719128329298	0.0552639088169041	0.189084196713895	0.18578352180937	0.0349063756239993
GCF_000349305.1_ASM34930v2	3517	5382541	1530.43531418823	1278	1110.53284499405	0.60140767917681	0.605026078710289	0.0700979314979339	0.640583921943772	0.638888888888889	0.0683592707644819	0.456944351051022	0.453097345132743	0.0604501671011687	0.7066948621154	0.718377088305489	0.13131168516518
GCF_000354255.1_CocheC4_1	12705	16587303	1305.57284533648	1077	1068.51873589135	0.531525702583586	0.532098765432099	0.0438352194743826	0.563198155667689	0.566037735849057	0.0523914515750397	0.449327762066141	0.441379310344828	0.0618556957983046	0.58205174888645	0.579326923076923	0.0869663148399457
GCF_000359705.1_Setospaeria_trucica_Et28A_v1.0	11698	15998610	1367.63634809369	1128	1102.44791575116	0.557301156664762	0.55878536401358	0.0440093491963616	0.57857465121476	0.579831932773109	0.0494367651293644	0.452360963479252	0.445186440426022	0.0614961732179907	0.640968460459337	0.644217810491395	0.0953253461763978
GCF_000365145.1_Phia_euro_CBS_101466_V1	11094	16242444	1464.0746349378	1272	1025.02704421769	0.558328649591598	0.550359383818598	0.0367930434568563	0.583326761018593	0.583333333333333	0.0423114451428262	0.452188611549897	0.447611919019105	0.0533778818874088	0.639470576206304	0.623211713103603	0.0827583768433999
GCF_000365165.1_Clad_carr_CBS_160_54_V1	10373	15269427	1472.03576593078	1278	1021.4042299772	0.559027565812245	0.553639846743295	0.0313666378376188	0.578542889582896	0.578947368421053	0.0422012207634124	0.451039076423732	0.446384039900249	0.054209536877628	0.647500731430107	0.633802816901408	0.0786160499006728
GCF_000392275.1_UCRPA7V03	8834	11762433	1331.49569843785	1110	1043.98582957603	0.554154359730495	0.546845978534783	0.0448778544134787	0.579537633264038	0.579678914835165	0.0461536496130726	0.433801977885102	0.43000630517024	0.0522488597614403	0.649123468042345	0.630191292531229	0.0962458559687288
GCF_000400465.1_Wallemia_ichthyophaga_version_1.0	4863	7059927	1451.763726095	1152	1147.81436748147	0.475779245970047	0.473448496481126	0.0426552684125833	0.527405865008358	0.52724795640327	0.0508790796007789	0.407488524696388	0.405633802816901	0.0537680501063767	0.492443348205395	0.491525423728814	0.0791697945316169
GCF_000403515.1_ASM40351v1	7472	12466401	1668.41555139186	1338	1363.94624763783	0.574056375735162	0.575580828355129	0.0261650486250001	0.584902488763023	0.586815951430472	0.0435376647998667	0.47746339577385	0.475596208353666	0.0569297895888241	0.659803265550546	0.657507222161993	0.0710590849059901
GCF_000409485.1_GLAREA	13083	18866310	1442.04769548269	1182	1107.44764338977	0.494151933940591	0.489477257298031	0.0305361904314721	0.542318393814893	0.541307028360049	0.0428507908638661	0.440679899141991	0.434389140271493	0.0556982307808766	0.499457508864888	0.486559139784946	0.0655823626651181
GCF_000417875.1_Pflocc_1.0	6877	12694380	1845.91827831903	1518	1356.40253945894	0.655867964754601	0.658846529814272	0.0271579067248696	0.631684735487889	0.636029411764706	0.0465975179222288	0.493533567660609	0.491458607095926	0.0671682949834864	0.842385856167815	0.846902201740911	0.0627304182038688
GCF_000439145.1_ASM43914v3	26147	25653883	981.140589742609	747	888.676459494287	0.320630423057139	0.319833852544133	0.0507592953932971	0.408690859631396	0.411320754716981	0.069542241586513	0.324936765973017	0.323770491803279	0.0656411615321075	0.228228737452015	0.21900826446281	0.0793466186801869
GCF_000464535.1_EPUS	9238	14706639	1591.97218012557	1308	1192.59077068792	0.521668229494704	0.515924487772637	0.0328064565255775	0.564521733212019	0.562667889198502	0.0420596494922568	0.449162423163916	0.443548387096774	0.0562044376509377	0.55132055766492	0.537161565488605	0.0744654773537802
GCF_000497045.1_PSEUBRA1	5765	9769439	1694.61214223764	1416	1221.01350425634	0.598008024804351	0.59874213836478	0.0212025349035955	0.598807657569972	0.601036269430052	0.04098305783946	0.464643703663212	0.462987886944818	0.0559220666791842	0.730572826443077	0.728187919463087	0.053041470661625
GCF_000507465.1_Kwon_mang_CBS8507_V2	8422	12636090	1500.36689622417	1215	1113.8964137453	0.465865165904431	0.464905821254166	0.0268901092435568	0.516479055616079	0.516830327636673	0.0460987445268282	0.442558344850744	0.436454849498328	0.0596139297639757	0.43855809724647	0.434879109327217	0.0506189313203819
GCF_000512565.1_Cryp_deje_CBS10117_V1	8602	13228029	1537.78528249244	1272	1117.28255655186	0.500751211221215	0.499178981937603	0.0222618018752207	0.536335290721616	0.537190082644628	0.0427260169480059	0.45059993432153	0.443857331571995	0.0587295851808274	0.515318408620499	0.512408478505359	0.0466500146041281
GCF_000512585.1_Cryp_best_CBS10118_V1	9133	13355460	1462.33001204424	1185	1089.20985836773	0.497439589030664	0.495877502944641	0.0232531445275892	0.530541403210461	0.530612244897959	0.0427359268930648	0.447698734937454	0.441016333938294	0.0587973788373898	0.514078628944077	0.511278195488722	0.0500848672007632
GCF_000512605.1_Cryp_pinu_CBS10737_V1	7829	12125802	1548.83152382169	1272	1135.54935408465	0.40382888139043	0.416378316032295	0.0658846926761641	0.486352761726898	0.494219653179191	0.0660098219860605	0.426231928615035	0.422740524781341	0.0640732105900775	0.298901953829358	0.313195548489666	0.119111640065441
GCF_000516985.1_PFICI	15413	22816164	1480.31947057679	1266	1052.09188622965	0.542038355852028	0.537298387096774	0.0380344747437332	0.568972263239762	0.567970204841713	0.0452671304312161	0.445598645863215	0.439429928741093	0.0529523176681643	0.611544158453106	0.597254004576659	0.0848285381082952
GCF_000523435.1_Cochliobolus_carbonum_v1.0	12853	16535197	1286.48541196608	1059	1105.48127268924	0.53215419002415	0.533333333333333	0.0440031672237561	0.562867285318954	0.56640625	0.0544350416579878	0.453985087714977	0.444444444444444	0.0657684535759738	0.579610320583634	0.579136690647482	0.0855120840572837
GCF_000523455.1_Cochliobolus_miyabeanus_v1.0	12002	16070132	1338.95450758207	1117.5	1065.38788233133	0.533594933787916	0.534305288629491	0.0431165455117159	0.564844872358786	0.567593307593308	0.0523201570514471	0.451049773838105	0.44311377245509	0.0632150065089523	0.584889862012048	0.583612152408661	0.0846930368648313
GCF_000527765.1_Cochliobolus_victoriae_v1.0	12882	16703085	1296.62203074057	1074	1069.70497855407	0.531659553818422	0.532789160589716	0.0441547340930441	0.562661135568193	0.565964834515366	0.05437931281431	0.452384395854096	0.443431995239874	0.065625113788687	0.579932758511719	0.578947368421053	0.0852300877230047
GCF_000576695.1_AUH_PRJEB4427_v1	5989	8351398	1394.45616964435	1182	1025.9520047202	0.471368567085574	0.470319634703196	0.0257516288816638	0.500978646805176	0.501694915254237	0.0460896928147403	0.39075724441473	0.386567164179104	0.0515848626469498	0.522369862181662	0.519793459552496	0.0539837392837842
GCF_000585515.1_Clad_yegr_CBS_114405_V1	10118	14749848	1457.7829610595	1254	1012.57949773791	0.556458224991519	0.551016434611228	0.0309561899076331	0.577884923024917	0.577981651376147	0.0412362574512419	0.449532905650936	0.445392491467577	0.0531020856967266	0.641956846298704	0.628194244917505	0.0772983418498325
GCF_000585535.1_Clad_psam_CBS_110553_V1	13421	18878343	1406.62715147903	1233	962.275586096089	0.53569243400532	0.531718569780854	0.031452303322855	0.566316197713579	0.566225165562914	0.0415601339267031	0.442743399798312	0.439024390243902	0.0500989506874585	0.59801770450407	0.585585585585586	0.0743024539863531
GCF_000585565.1_Capr_epim_CBS_606_96_V1	10469	15482412	1478.88165058745	1281	1010.38202956092	0.553776728253594	0.54881450488145	0.0345586091851746	0.579256789054226	0.579545454545455	0.0422086616116652	0.449593243584994	0.446107784431138	0.0526079467280044	0.632480152121563	0.61864406779661	0.0839763920968126
GCF_000585585.1_Capr_coro_CBS_617_96_V1	9231	13978659	1514.31686707832	1311	1051.42713013563	0.549302115107996	0.546099290780142	0.0275071836479324	0.575603034839828	0.576223776223776	0.0400662377783514	0.450569633289075	0.445701357466063	0.0538048226909512	0.621733680815082	0.612334801762115	0.0703752330659044
GCF_000708205.1_Mixia_osmundae_v1.0	6858	10313178	1503.81714785652	1203	1204.27054916797	0.557764296504445	0.55751044729918	0.0217897537797656	0.586731653793692	0.589809101720312	0.0434076769541159	0.472192134964903	0.467601964312491	0.0554414114938526	0.614371241792841	0.613155349689504	0.0473807577014717
GCF_000709125.1_Exop_aqua_CBS_119918_V1	13118	18230442	1389.72724500686	1212	958.960751204839	0.52112003602754	0.516506276795904	0.032637528513164	0.56209353527717	0.56218883565018	0.0408254432374156	0.441325304302765	0.437115215479332	0.0493317951530832	0.559941268502685	0.546084091106311	0.0744960012097481
GCF_000711695.1_Tilletiaria_anomala_UBC_951_v1.0	6808	10651592	1564.56991774383	1221	1287.55716712084	0.575178341605403	0.573397891494906	0.0366927313722703	0.594039774386247	0.598204208319897	0.0499156811771456	0.481530812985005	0.477460543250017	0.0651138637984548	0.649966201026287	0.641382176192303	0.0825502818668601
GCF_000721755.1_Aureobasidium_pullulans_var._subglaciale_EXF-2481_v1.0	10792	14670416	1359.37879911045	1131	1025.87399154412	0.525159807712858	0.522019505167207	0.0316197889530514	0.556676888645334	0.559548289946122	0.0486258331770084	0.444918077025427	0.439247126975693	0.0569551893682856	0.573884451981298	0.563173030094543	0.0747558060387274
GCF_000721765.1_Aureobasidium_pullulans_var._namibiae_CBS_147.97_v1.0	10259	13931151	1357.94434155376	1140	975.41054947604	0.531879525698503	0.52828546562228	0.029344169832753	0.561131608443069	0.562700964630225	0.0456413717353213	0.441479794390135	0.436538461538462	0.0554793041256977	0.593027174262306	0.581854043392505	0.0739864308399571
GCF_000721785.1_Aureobasidium_pullulans_var._pullulans_EXF-150_assembly_version_1.0	11844	15804439	1334.38356973995	1107	986.945543536128	0.525528935931931	0.522522522522523	0.0319575185366444	0.55492719098809	0.55730953350001	0.0491628921154127	0.442709773493705	0.437769511224622	0.0580218965259649	0.578949740191781	0.567715838136407	0.0759192645553683
GCF_000732125.1_ScApio1.0	8375	13745250	1641.22388059701	1356	1260.38903303529	0.560737122315637	0.558782849239281	0.0305703485016584	0.579155318065427	0.578947368421053	0.0396428137811002	0.446656029566091	0.442105263157895	0.0515623683188064	0.656400019315393	0.648305084745763	0.0702409783853769
GCF_000747765.1_ASM74776v1	6766	12447792	1839.75642920485	1518	1367.47557334484	0.619968413264485	0.621804903495044	0.0277999337958195	0.617902094574734	0.620505717735635	0.043005932548565	0.487310722312614	0.48314606741573	0.0625260777839034	0.754695626302962	0.756461837670918	0.0751462830673258
GCF_000760515.1_UGP1.0	3330	3831172	1150.5021021021	888	992.661498322017	0.446079686068893	0.44586358007756	0.0413778597070341	0.492186181794938	0.489049625708755	0.0548992754589059	0.401404961514326	0.4	0.056146634716945	0.444643790211373	0.446693989071038	0.06471083393758
GCF_000769745.1_ASM76974v1	11060	16710189	1510.86699819168	1254	1192.61309460826	0.525682331016838	0.524309054817529	0.0349818474369757	0.567133734099726	0.568702290076336	0.0463329734029714	0.440111639460248	0.434920634920635	0.0517382920043765	0.569801571559082	0.55952380952381	0.074037366569328
GCF_000803265.1_ASM80326v1	1820	1948077	1070.37197802198	852	850.993764119354	0.396816820926243	0.39808838643371	0.0323816392418745	0.451318341901838	0.454829996977291	0.0451755967615529	0.329950608326653	0.32910783055199	0.0455564994427771	0.409181408274164	0.409090909090909	0.0605589496317027
GCF_000814965.1_MBR_1.0	10689	15883278	1485.94611282627	1227	1228.06966491577	0.553729437100062	0.54452614379085	0.0493739006155728	0.578440766151094	0.575757575757576	0.0450647279527507	0.450532282507786	0.445544554455446	0.0542491173640513	0.632215262641305	0.611764705882353	0.111044199480865
GCF_000835455.1_Fons_pedr_CBS_271_37_V1	12527	18464448	1473.97206034964	1302	978.794153572623	0.548412372303785	0.541176470588235	0.0360776987119443	0.573408626438389	0.572944297082228	0.0412011387304166	0.44726504669558	0.442953020134228	0.0513728766067131	0.624563443777386	0.605128205128205	0.0897300095115025
GCF_000835475.1_Clad_bant_CBS_173_52_V1	12762	18248910	1429.94123178185	1239	985.705848407613	0.535060279475968	0.531346989447548	0.0304605350386126	0.565463378872823	0.565432098765432	0.0410668673294096	0.44400985458653	0.439976218787158	0.050856407858409	0.595707604968552	0.58362758140518	0.072489639255264
GCF_000835495.1_Clad_immu_CBS83496_V1	14033	20780988	1480.86567376897	1287	1009.79043605955	0.549652935633597	0.54275092936803	0.0384199740517121	0.572856500737576	0.572100313479624	0.0432947463804447	0.450702713482022	0.445302445302445	0.0535263572048909	0.625399611838755	0.605351170568562	0.0926250222791528
GCF_000835505.1_Exop_xeno_CBS118157_V1	13187	19455726	1475.37165390157	1293	987.708634207779	0.533456721656621	0.529358626919603	0.0271225548193693	0.565585388639775	0.566091954022989	0.0408169865277499	0.446626514765489	0.441810344827586	0.0520227666283798	0.5881582615646	0.577114427860697	0.0681997201413847
GCF_000835515.1_Exop_olig_CBS72588_V1	13234	19376295	1464.12989270062	1288.5	982.354851062211	0.53081208994278	0.524993135639758	0.0352307615637801	0.561442776689718	0.561746059241296	0.042067497812538	0.446752314771202	0.441463414634146	0.052240092791742	0.58424117836742	0.567120083707761	0.0868775721594942
GCF_000835555.1_Rhin_mack_CBS_650_93_V1	11382	16707501	1467.88798102267	1263	1040.60268042583	0.51992183358361	0.518018018018018	0.0260132324878836	0.560520184579679	0.561151079136691	0.0389380957627446	0.441358251342464	0.437392050115594	0.049466896271364	0.557887064828686	0.551867739747627	0.0606272026084163
GCF_000836115.1_Exop_spin_CBS89968_V1	12049	17872041	1483.28002323844	1311	974.169148546705	0.539578612728474	0.532956685499058	0.0355713838130973	0.569583263617478	0.569620253164557	0.0405678879424648	0.447144254434061	0.442652329749104	0.0508497031405165	0.602008320133884	0.583774250440917	0.0863311971917337
GCF_000836275.1_Exop_meso_CBS40295_V1	10347	15920109	1538.62075964048	1335	1027.39047385054	0.52078797885618	0.519859225741579	0.0224069227809086	0.563113401297078	0.563941299790356	0.0396980558056096	0.446997207184998	0.441988950276243	0.0519470535766662	0.552253328086463	0.548872180451128	0.0502867436062812
GCF_000836295.1_O_gall_CBS43764	11357	16718722	1472.10724663203	1245	1046.87812032618	0.531322177257848	0.526041666666667	0.0452106244471168	0.563805684087391	0.562448304383788	0.0451182658738902	0.444706870175142	0.4375	0.0565168210369257	0.585453921418981	0.568561872909699	0.100634274244007
GCF_000836435.1_Fons_mult_CBS_102226_V1	12369	18393648	1487.07640067912	1314	978.840565706466	0.546145955997209	0.540372670807453	0.0321628288935558	0.571385171218818	0.571428571428571	0.0410680198933218	0.446775644889051	0.442446043165468	0.0513784811997809	0.620277051883758	0.604477611940298	0.0805217138144577
GCF_000938715.1_LALA0	5115	7517072	1469.61329423265	1224	1062.58155684098	0.462579437289733	0.459433040078201	0.0280682478051334	0.509549627237646	0.508928571428571	0.0434363024285036	0.389594935440059	0.385106382978723	0.0531298054214076	0.488593749998379	0.479338842975207	0.0557603814964454
GCF_000961545.1_S_schenckii_v1	10293	15669666	1522.36141066744	1272	1206.24584598631	0.611251860274417	0.615428408767435	0.0492216768654556	0.614168940725433	0.614349775784753	0.0570645974087638	0.483353597964556	0.481054365733114	0.0615216353626144	0.736232875758097	0.745901639344262	0.113926247151589
GCF_000968595.1_ASM96859v1	9843	14411137	1464.10007111653	1209	1139.39507226782	0.552955997646913	0.555555555555556	0.0483019829444617	0.576686923689232	0.578073089700997	0.0553661263603681	0.454559870145663	0.447293447293447	0.0601173181264205	0.627620179932595	0.624405705229794	0.10921648148231
GCF_000988165.1_ASM98816v1	3209	2510624	782.369585540667	570	744.437028012222	0.278527693294762	0.274058577405858	0.0468150122658074	0.345267820747126	0.344262295081967	0.0637671679257571	0.271363571152396	0.266355140186916	0.0655037641409725	0.218937698664802	0.203309692671395	0.0682347714165713
GCF_001027345.1_Triol1	8320	11305543	1358.83930288462	1101	1048.81950423512	0.630089729446613	0.628734401116466	0.0386652831224951	0.633346257747134	0.633333333333333	0.0535728516101716	0.490280513991232	0.481698728959121	0.0724642484695209	0.766644403794795	0.77363349696259	0.0886465774617537
GCF_001204775.1_ASM120477v1	11904	17956509	1508.44329637097	1263	1145.28230995558	0.529247069672259	0.526109044472822	0.0336197631233711	0.567432120722502	0.567198988482298	0.0414203719654836	0.441646320287566	0.437359050295395	0.0492943354842886	0.578663985291618	0.566666666666667	0.0772133275358958
GCF_001278385.1_MalaPachy	4202	6405008	1524.27605901951	1266	1147.29355973291	0.556751488949223	0.559287249575445	0.0413954927468168	0.605936153633774	0.608695652173913	0.0483143897915092	0.452226747338057	0.449123278947715	0.0601048755886757	0.612091847285211	0.611111111111111	0.0845867988682708
GCF_001298625.1_SEUB3.0	5377	8048806	1496.89529477404	1248	1090.6569060051	0.421633235716366	0.410695742471443	0.0508794129067636	0.45683327632459	0.453825857519789	0.0521330628319734	0.368711819708304	0.363636363636364	0.0572457867963218	0.43936159693988	0.407407407407407	0.104574982072803
GCF_001299255.1_ASM129925v1	11848	17021123	1436.62415597569	1237.5	972.230206286513	0.549954321761596	0.546950880912716	0.0241556626957672	0.577143011508452	0.577464788732394	0.0409035374983601	0.451324306517753	0.446280991735537	0.0527928414322518	0.621396324378794	0.615128814683768	0.0573401835659427
GCF_001329695.1_Rhoba1_1	7278	10942317	1503.47856553998	1224	1124.24718250999	0.683044971316509	0.683333333333333	0.0368782219335931	0.656528040976726	0.656372579181344	0.0633397039122996	0.499837227384797	0.488320237315713	0.0820219934108517	0.892771396273873	0.907872283096821	0.07453244639004
GCF_001417885.1_Kmar_1.0	4952	7471443	1508.772819063	1266	1077.77428251184	0.423692074910324	0.416863271918479	0.0481597635423577	0.468902813794694	0.466403162055336	0.048555842048502	0.366711278273002	0.36286317058469	0.0537713580679649	0.435462132663278	0.410917728352408	0.101226798021482
GCF_001447935.1_debFab1.0	6027	8666944	1438.01957856313	1209	1032.39120058906	0.373407571768353	0.370928620928621	0.0344073637956221	0.427960482997628	0.426452410383189	0.0475218214882773	0.353417820079736	0.351973684210526	0.0565301199834047	0.338840647360348	0.327402135231317	0.0593435470184716
GCF_001477535.1_Pneu_jiro_RU7_V2	3761	5349019	1422.23318266419	1128	1121.82419386514	0.332062593211043	0.323981295925184	0.0619895955621657	0.431995536291872	0.427884615384615	0.0739784599864242	0.343334958797452	0.338329764453961	0.0636991593712915	0.220856621655524	0.199040767386091	0.0834821580619538
GCF_001477545.1_Pneu_cari_B80_V3	3646	5091257	1396.39522764674	1077	1127.78126296086	0.316610464622705	0.315376902743597	0.0386817161881239	0.419190080605747	0.419813301015478	0.0594072392748482	0.334781292131933	0.333333333333333	0.0551203571457611	0.195859675391944	0.189189189189189	0.044906926164673
GCF_001481775.2_TGAM01v2	11171	16552085	1481.70128010026	1218	1340.73544437258	0.534950269815448	0.531986531986532	0.0447914687850164	0.566852145119097	0.567567567567568	0.0478496396088552	0.445671352857865	0.438181818181818	0.0584036387699831	0.592326078016522	0.578947368421053	0.0998829378066329
GCF_001500285.1_Phisc1	18567	23866653	1285.433995799	1068	978.729007075645	0.49881122596096	0.494623655913978	0.0297106449703736	0.538271116260069	0.539703903095559	0.0460361119853884	0.439233819774306	0.432624113475177	0.0559402542422748	0.518928979276789	0.507389162561576	0.0669937990639271
GCF_001548555.1_ASM154855v1	4528	6677586	1474.73189045936	1218	1103.79299330077	0.418900067430371	0.415560385338346	0.0333065294997048	0.479299675933215	0.476807220499064	0.046007000202305	0.373272696746855	0.37037037037037	0.0519951978195453	0.404127829611043	0.396248405682368	0.0602282447438331
GCF_001619985.1_Xylona_heveae_TC161_v1.0	8201	12037475	1467.80575539568	1224	1144.54458104354	0.518910845084155	0.518427518427518	0.0412575527698986	0.563911781135886	0.568218298555377	0.0544736798865441	0.448498177442394	0.443181818181818	0.06008987981468	0.544322956685908	0.530769230769231	0.0817689058636087
GCF_001636725.1_ISF_1.0	10061	14638788	1455.00327999205	1221	1085.18666546166	0.609713982247975	0.60848733744011	0.0574621921263425	0.612622160864491	0.608567208271787	0.0557778689579918	0.46621294393396	0.461172741679873	0.059880492056084	0.750306841945474	0.755050505050505	0.118670611390452
GCF_001638985.1_Phybl2	16543	17556330	1061.25430695763	837	863.781731205276	0.432575804561105	0.431280852169395	0.0463695292860643	0.490530649644195	0.49438202247191	0.0626172902693515	0.388455946278891	0.384	0.0566486005539627	0.418741354273012	0.406947890818859	0.0785767819178304
GCF_001640025.1_ASM164002v2	5128	7919259	1544.31727769111	1327.5	1017.61858910803	0.455960206421779	0.450940158708779	0.0343260526797125	0.525251497339287	0.52215855264678	0.050929383052439	0.418161788254582	0.410510071474984	0.0581630678752043	0.424467333671467	0.407348711627634	0.0711494459814551
GCF_001641265.1_ASM164126v1	9405	12458973	1324.71802232855	1035	1083.84318387611	0.546941335657326	0.546165884194053	0.0501792460407639	0.570553157387554	0.569069069069069	0.0505493481739577	0.452410884805163	0.44672131147541	0.0641965752831818	0.617859987799917	0.614173228346457	0.103696888509047
GCF_001642045.1_Parsp1	14734	19179675	1301.72899416316	1074	1003.32415276412	0.55855530036853	0.555555555555556	0.0432332222285284	0.573253227170657	0.573313411028833	0.0495699345191279	0.45734653093347	0.448	0.063513078548071	0.645066357268655	0.636089550614776	0.0949972612461274
GCF_001642055.1_Altal1	13466	18484690	1372.6934501708	1149	1027.53037529537	0.529917253743364	0.527391900872511	0.0318414036046056	0.562155558698639	0.562903494522887	0.0450175427753415	0.446169665667385	0.439454125095039	0.0560055921706023	0.581426304766582	0.572744807226615	0.072125129361005
GCF_001642475.1_ASM164247v1	11984	18316560	1528.41789052069	1335	1015.8166922725	0.548765115146674	0.541331073251135	0.0353138604688067	0.574272663491389	0.57359856725339	0.0400156701910025	0.44651988037321	0.442074057217987	0.0498703790882983	0.625502801575421	0.606174102544339	0.0880256469258423
GCF_001646965.1_ASM164696v1	11681	17953527	1536.9854464515	1338	1020.46608205121	0.549851316449186	0.54215522054718	0.0356114753434162	0.575096128043462	0.574175824175824	0.0400195882048523	0.446843892938777	0.44234404536862	0.0505125245149315	0.62761392836532	0.607843137254902	0.0888533631097111
GCF_001651985.1_ASM165198v1	12090	17880687	1478.96501240695	1281	1009.12896513625	0.556920891375681	0.549189246487151	0.0385828747301791	0.576251688940107	0.575107296137339	0.0439837684188185	0.448375401975032	0.443835616438356	0.0519826345268094	0.646135583211903	0.624238395923341	0.09399390193628
GCF_001653235.2_ASM165323v2	14204	19682412	1385.69501548859	1149	1154.92949057454	0.523601738790075	0.520731024468396	0.0326726183017386	0.556991583084041	0.558514578408195	0.0457217405958435	0.448214850437429	0.441580756013746	0.0537027326918044	0.565598740966646	0.553042482704862	0.0757888641953904
GCF_001653265.1_ASM165326v1	11763	16302597	1385.92170364703	1155	1105.35495121533	0.612233348417133	0.611299435028249	0.0458694496353709	0.607899805259192	0.606741573033708	0.0515270350028928	0.479411691291816	0.465811965811966	0.0715074050847235	0.74938853375234	0.75	0.110467376820524
GCF_001661235.1_Picme2	5542	8038984	1450.55647780585	1200	1101.1969042262	0.472238923971032	0.454625921004199	0.0802549757610271	0.483161940533286	0.47353719265484	0.0689556446822507	0.380708833324817	0.37037037037037	0.068530719365559	0.552844660781102	0.51292603144455	0.167946822387113
GCF_001661255.1_Wican1	6421	8372552	1303.93272076001	1116	935.741343442695	0.34725400321529	0.34853249475891	0.0327660000028608	0.434191976379983	0.43452380952381	0.0533311610170089	0.357108129095649	0.353741496598639	0.0614513929446849	0.25045359523516	0.248313090418354	0.0625011753628489
GCF_001661265.1_Saico1	7034	8932206	1269.86152971282	1038	999.753412874086	0.53871745188561	0.538724934286292	0.0286503097918991	0.562022051187341	0.563486958580477	0.0477782871785415	0.441735032045618	0.436457463863164	0.0599076723125052	0.612398474796492	0.614754098360656	0.0661521833071018
GCF_001661335.1_Babin1	6399	8318731	1300.00484450695	1086	1040.20969064316	0.509911525569993	0.513888888888889	0.0419809460162928	0.500893899890458	0.502487562189055	0.0543933683138729	0.399881377211273	0.396648044692737	0.0560022929673823	0.628961995501468	0.646687697160883	0.0985142660855666
GCF_001661345.1_Ascru1	6787	9491830	1398.53101517607	1104	1166.68721696068	0.344326341752828	0.338075880758808	0.0614033353550704	0.383910581928168	0.383177570093458	0.0705400977296899	0.327401813568203	0.322139303482587	0.0725760215255681	0.3216630328726	0.296296296296296	0.101617212862327
GCF_001661395.1_Hypbu1	5996	8449966	1409.26717811875	1164	1074.58635709863	0.36116279960195	0.358924322533826	0.0435182513195293	0.429640596483304	0.430973489228661	0.0548494026195582	0.353051229607028	0.348764145180215	0.0617099767372285	0.300792822777768	0.293089566327947	0.0860371042566121
GCF_001661405.1_Cybja1	6032	7843178	1300.26160477454	1092	973.270174155047	0.461592700267202	0.458801603225158	0.0374878367984748	0.491961991737588	0.491914498311215	0.0487515599595177	0.379439799374374	0.374306801291579	0.0571339208240108	0.513377767852203	0.50606799691298	0.0848094460793712
GCF_001661415.1_Canta1	5885	8082951	1373.48360237893	1131	1071.89568882449	0.473573676278962	0.471264367816092	0.0547497013308547	0.470488715458554	0.466666666666667	0.0553858562624053	0.378645690785336	0.37017310252996	0.0662442433964823	0.571587550200352	0.566929133858268	0.11722935660096
GCF_001662655.1_ASM166265v1	10573	15741191	1488.81027144614	1248	1093.94939075064	0.54281808116227	0.539426523297491	0.0459945552648086	0.566475009105144	0.564814814814815	0.0456688537409988	0.44873037639605	0.442105263157895	0.0565466285243649	0.613248864655094	0.605442176870748	0.0984410538225777
GCF_001664035.1_Metbi1	5838	7659242	1311.96334361083	1066.5	1029.92749828873	0.510582349053075	0.498151564848982	0.077878374564953	0.513559491196189	0.505513258452988	0.0695657833175863	0.399041492855916	0.390610872513562	0.0634152677347063	0.619147172341397	0.595058993646838	0.162248760188047
GCF_001664045.1_Hanpo2	5173	6968648	1347.11927314904	1143	946.234758797451	0.491852208850194	0.489417989417989	0.0491024515898848	0.516468122735922	0.515503875968992	0.0500150583269497	0.377869196140978	0.375	0.0536507600310773	0.581219033111427	0.575842696629214	0.105918907310864
GCF_001672515.1_ASM167251v1	14650	20612046	1406.96559726962	1167	1208.73523043924	0.596629258847569	0.595121406998334	0.0480917304355031	0.589485937104985	0.589473684210526	0.0501383990434491	0.46223082447895	0.455968688845401	0.0585836662202886	0.738171014958773	0.736166287194787	0.112158238912045
GCF_001720155.1_Tsuc_wing_CBS7118_V1	8094	11962446	1477.93995552261	1188	1107.13281080945	0.555658887946129	0.554204548254367	0.028849445402566	0.575772595881179	0.577347260009799	0.0431775816644358	0.461047464072172	0.454545454545455	0.0600278230007171	0.630156626297124	0.626283713966386	0.0617850282177689
GCF_001720205.1_Cryp_amyl_CBS6039_V3	10306	15192582	1474.14923345624	1203	1096.72516713839	0.554199490573686	0.552682454617462	0.0297043277272175	0.574003501483497	0.575414415239491	0.0438092322256455	0.461351822575138	0.454890825913151	0.0607843116565755	0.627243122810268	0.623707630590767	0.0645658515552638
GCF_001773325.1_ASM177332v1	12200	17438040	1429.34754098361	1197	1134.67158482639	0.53051224881741	0.527777777777778	0.0346162956489477	0.569927295240284	0.570893518444298	0.0460132617148835	0.443130923833175	0.43854748603352	0.0536185896849316	0.578478527378771	0.567577131271399	0.0760525626777431
GCF_001792695.1_ASM179269v1	12263	18283859	1490.97765636467	1263	1113.69215199603	0.529612389723736	0.526556776556777	0.0330897818260274	0.568376981304673	0.567723342939481	0.0405431448801982	0.441454789696579	0.438034188034188	0.048804186691733	0.579005336142721	0.56827731092437	0.0766713264665541
GCF_001831195.1_CORC01	14453	19181963	1327.19594547845	1104	1130.08457633647	0.564389799083437	0.566561844863732	0.0615058047227676	0.570846506673859	0.576158940397351	0.0654389163839227	0.457764003505448	0.451768488745981	0.0730764677271001	0.664559061325531	0.66025641025641	0.110362860445464
GCF_001883845.1_ASM188384v1	10839	17264845	1592.84481963281	1350	1153.62405678078	0.60911299091383	0.606060606060606	0.0457024596758373	0.601146411223651	0.599728629579376	0.0493288751853227	0.46876671523974	0.463636363636364	0.0625361739784986	0.757426197897957	0.759815242494226	0.0985560040989045
GCF_001890105.1_Aspzo1	9870	14353699	1454.27548125633	1209	1179.51425192755	0.562822686590081	0.56662268644533	0.0489056813502247	0.580792898904911	0.583270782191782	0.0524684831163476	0.450358863691768	0.445690705443113	0.0577883683568007	0.657317275507541	0.661654135338346	0.106708322376514
GCF_001890805.1_Aspgl1	11255	14841452	1318.65410928476	1074	1082.87242493463	0.528833569810758	0.531669865642994	0.0388848930493266	0.560818717185545	0.563758389261745	0.0502598517146991	0.438632014959517	0.435079726651481	0.0550189052460578	0.587049765506547	0.585692995529061	0.0831995048543312
GCF_001890905.1_Aspac1	10843	16224532	1496.31393525777	1263	1129.46400096447	0.576038970926182	0.574383452665076	0.0453262108969189	0.588320730342114	0.589506172839506	0.0475030700737626	0.453974900710218	0.450317124735729	0.0538221271860517	0.685821948274441	0.682008368200837	0.106321739663909
GCF_001907595.1_ASM190759v1	9523	15074769	1582.98529875039	1326	1185.11432425593	0.511648241006663	0.508627156789197	0.030222134662753	0.559394497545554	0.55952380952381	0.0418181377437405	0.43827123803365	0.433712121212121	0.0503691228174727	0.537278855517218	0.526315789473684	0.0678888161803371
GCF_002102565.1_Kocim1	7392	10959536	1482.62121212121	1239	1053.50241340745	0.526884919338362	0.526515151515151	0.0210340675544082	0.564661183314254	0.565955048094221	0.0418306022243062	0.462717334411151	0.45739980642386	0.0582590647889227	0.553276412169102	0.551574227047439	0.0479485673729223
GCF_002105155.1_Lobtra1	11822	16625258	1406.29825748604	1114.5	1155.26781545798	0.464947413130832	0.463788161244412	0.0314286230132087	0.521077739226533	0.523809523809524	0.0511813788630049	0.41548722714457	0.409684524655393	0.0585257235991463	0.458276444448	0.451807228915663	0.0620831111075377
GCF_002117355.1_PosplRSB12_1	12539	16154027	1288.30265571417	1062	980.803396605677	0.566669448585161	0.561209439528024	0.0500118607568502	0.593214039477718	0.592356687898089	0.0555613964045045	0.464832280620739	0.45679012345679	0.0634917352483167	0.641962219547852	0.631694790902421	0.0917852278895536
GCF_002237265.1_ASM223726v2	9702	15223846	1569.14512471655	1311	1178.29460800153	0.547495784578797	0.543423605522387	0.0361824601316013	0.576965648102225	0.576271186440678	0.0419925950603624	0.446222032819339	0.441985348671368	0.0520047107367367	0.619301006030288	0.605100325544603	0.084957808209905
GCF_002251995.1_ASM225199v2	4740	6367259	1343.30358649789	1114.5	1001.66821057715	0.511357258584504	0.509647191465373	0.0402456118177925	0.56417707341871	0.565377820059799	0.0479279228950115	0.413330869603057	0.406976744186047	0.0554308811214556	0.556563830255429	0.549149357889086	0.0850353299232224
GCF_002708625.1_Rhimi1_1	10891	12317455	1130.97557616381	909	965.565276968169	0.406563316589577	0.404984423676012	0.0351941925821582	0.483155770167712	0.485576923076923	0.0549879278864968	0.373706549631701	0.371287128712871	0.0558042655894129	0.362824479525347	0.359036144578313	0.0602411202161447
GCF_002742065.1_CB0940_V2	12463	18205570	1460.76947765386	1221	1098.69613247657	0.537474173205368	0.53529000698812	0.0254238921805405	0.572427931807114	0.573809523809524	0.0443513939648683	0.448348170695279	0.442528735632184	0.0549271203485956	0.591646406185542	0.586826347305389	0.0566540841721901
GCF_002775015.1_Cand_auris_B11221_V1	5520	8192487	1484.14619565217	1251	1061.73593620446	0.472090580941256	0.468857970409521	0.0357787029296597	0.49843126441321	0.496815286624204	0.0440301069308527	0.377368667156416	0.371495327102804	0.0556024206250782	0.540471811254143	0.531847277316985	0.0779566189110195
GCF_002847045.1_Aspcand1	9639	13912526	1443.35781720095	1221	1133.06119105624	0.57337110280758	0.57843137254902	0.0507219015037656	0.583033499969373	0.587628865979381	0.0553801493908882	0.454846077271506	0.450236966824645	0.0561309038461017	0.682235918655299	0.69242658423493	0.106322581659806
GCF_002847465.1_Aspnov1	11549	15654424	1355.47874274829	1119	1088.9032641482	0.538310279591266	0.537091988130564	0.0399390808812404	0.567941199798075	0.570707070707071	0.0492719935950706	0.447862866575614	0.443666082895505	0.055325200872662	0.599126976303599	0.589134125636672	0.0856905349226281
GCF_002847485.1_Aspcam1	9764	14065144	1440.5104465383	1206	1171.31785181477	0.575121599827241	0.579710144927536	0.0504681534926737	0.584913509919244	0.588235294117647	0.0534625839021906	0.455203202449029	0.450630530387326	0.057055838008782	0.685248539109597	0.695652173913043	0.107232033120976
GCF_002849105.1_Aspste1	13211	18337546	1388.05132086897	1149	1158.28383652951	0.555123950164674	0.556464811783961	0.0493475251953089	0.572291558140388	0.574504737295435	0.0517696300988077	0.449777801883177	0.444134078212291	0.0580554164782329	0.643302807795578	0.639024390243902	0.105587156643922
GCF_002865645.1_Melbi2	18617	23567994	1265.93941021647	1026	1024.57254337089	0.506257368249761	0.505723905723906	0.0402986524694967	0.540102876945853	0.543316831683168	0.0533024636000185	0.441662970325311	0.434903047091413	0.0611813832618261	0.537005691002292	0.532188841201717	0.0721013210093462
GCF_002926055.2_CanHae_1.0	5249	8379153	1596.33320632501	1293	1240.19195998172	0.467682425337756	0.465408805031447	0.0287995728992676	0.503004491579821	0.50093808630394	0.0444105554030668	0.37808914074801	0.3725156161272	0.0541558798372372	0.521953643685437	0.515974440894569	0.0665949764072052
GCF_002926085.2_CanDuoHae_v1.0	5173	8009927	1548.41040015465	1266	1161.65379997228	0.48730448237063	0.485142689026184	0.0358821500569978	0.507673666534941	0.505854800936768	0.0451792717862465	0.375058357593779	0.370307167235495	0.0529093427317508	0.579181484505469	0.574074074074074	0.08320148299523
GCF_003013735.1_Cand_pseudohaemulonii_B12108	5134	8157373	1588.89228671601	1273.5	1252.52670556209	0.49054675036414	0.488332751375628	0.0366128906339205	0.508444104841012	0.50640205915142	0.0446580012121641	0.375593179830126	0.37028682697971	0.0526032050817741	0.587602957830548	0.583333333333333	0.0863795127677414
GCF_003019875.1_Amore1	9642	13181890	1367.13233768928	1137	1050.67890228341	0.52621241068415	0.521254417533962	0.0428008837538355	0.556999290961216	0.558390286236769	0.0496088085917168	0.449430743313503	0.443083176985616	0.0612221777461787	0.572207054885211	0.557377049180328	0.0920740247107353
GCF_003025095.1_Triha_v1.0	14090	18624592	1321.83051809794	1065	1263.10803731278	0.527887145745405	0.528629068311874	0.0513654397393069	0.558058317942314	0.561764705882353	0.0548969106767987	0.444663841194448	0.437482473359506	0.0619084832054361	0.580939837825529	0.569389310672724	0.104261631475166
GCF_003025105.1_Trias_v._1.0	12583	16689408	1326.34570452197	1065	1273.36318303681	0.525555175313806	0.525641025641026	0.0527980270424799	0.55788523106059	0.562025316455696	0.0563755027171164	0.448424143871787	0.43978349120433	0.0643054914115073	0.570356486143488	0.559459459459459	0.10581811607243
GCF_003025115.1_Trici_v4.0	9735	14128734	1451.33374422188	1197	1326.05270665866	0.585829179520204	0.585680751173709	0.0456794573645588	0.587982279977236	0.587878787878788	0.0466373289161548	0.45284751339433	0.446043165467626	0.0590111920180351	0.71666263247935	0.712686567164179	0.105514329583187
GCF_003054445.1_ASM305444v1	5139	7921158	1541.38120256859	1290	1110.64734053164	0.402460841218503	0.395473724587649	0.0407563969939164	0.454825812449999	0.450549450549451	0.0517438994765928	0.360599373064741	0.35678391959799	0.0540913818167326	0.39195733814077	0.372262773722628	0.0750126760701133
GCF_003144115.1_Tilwa1	7007	10871500	1551.51990866277	1221	1235.40053181888	0.678164640208355	0.678642714570858	0.031463050054431	0.669653817307237	0.671111111111111	0.0555412554213696	0.528054062022266	0.518734388009992	0.0849252929739025	0.836786412767649	0.849315068493151	0.0842436881185231
GCF_003144135.1_Rhodsp1	6681	10982416	1643.82816943571	1335	1298.6338473841	0.566090588952329	0.567235699311171	0.0224211037107489	0.590376487067614	0.593345656192237	0.04459234737266	0.488075860058633	0.484304932735426	0.065432560146296	0.619819309969115	0.615819209039548	0.056523802263708
GCF_003144195.1_Cersp1	7822	12255297	1566.77282025058	1245	1257.06981581726	0.563174413129243	0.563752414004092	0.0240145734406013	0.58843514507976	0.591770008466557	0.04478219875749	0.492793490735164	0.490196078431373	0.0646687764419801	0.60829494062484	0.605319240587832	0.0507999102530356
GCF_003144205.1_Meimi1	7452	11066030	1484.974503489	1207.5	1137.72741120792	0.439587849057089	0.440329218106996	0.025521407701841	0.520904191974284	0.523231528742365	0.0461220405505172	0.434326155678635	0.430051813471503	0.0539408882122504	0.363531256725151	0.361608526362859	0.0538474558296951
GCF_003144245.1_Jamsp1	6858	11120271	1621.50349956255	1287	1270.63027554413	0.594890281054235	0.595187485299639	0.0226181839123329	0.605615973534888	0.608565860025399	0.0459338111635353	0.497825663114322	0.494161515619792	0.0670465211001209	0.681231667190632	0.67842273473266	0.0610196970658534
GCF_003144295.1_Acain1	8026	12657364	1577.0451034139	1269	1214.08929373746	0.595679150525846	0.594647299559972	0.0408282933355818	0.604528962329005	0.605593341509966	0.0509013325259551	0.472874501598626	0.46875	0.0605291537447741	0.709634557894427	0.706102997343549	0.0897614038541925
GCF_003184525.1_Aspscl1	12338	17242217	1397.48881504296	1161	1141.35484291184	0.54424076780798	0.545815534643737	0.0404165449961359	0.567050941811039	0.569331283810029	0.0496648847748676	0.448958317039619	0.443649167733675	0.0565307990666057	0.616714099664171	0.615384615384615	0.0859447067966181
GCF_003184535.1_Aspeuc1	11933	16903187	1416.50775161317	1179	1136.31398752921	0.537897703339939	0.539094650205761	0.040012618719036	0.564796870096776	0.568034557235421	0.0508572019510617	0.448529876666996	0.443037974683544	0.0557758370304311	0.600366780191341	0.595155709342561	0.0846966057523476
GCF_003184545.1_Asphet1	11130	15050944	1352.28607367475	1110	1174.74249725954	0.572755230507345	0.577335769402221	0.0530040372405947	0.578279074416295	0.582417582417582	0.057250627076028	0.460630235323206	0.454545454545455	0.063118669183552	0.679356525203113	0.688137366960084	0.118105143780248
GCF_003184585.1_Aspsac1	10065	14415200	1432.21063089916	1188	1162.09337827018	0.560618518730383	0.561253561253561	0.0479857994563893	0.578339079027184	0.581481481481481	0.0526171094395177	0.45497628207563	0.451197053406998	0.0577172543592934	0.648540602632905	0.644320297951583	0.107260257290707
GCF_003184595.1_Asplac1	13082	18410027	1407.27923864852	1167	1145.87294922205	0.536009655482583	0.536850331101896	0.0392837742356824	0.563528962683386	0.566265060240964	0.0490732321093836	0.450455063491421	0.445505225422287	0.0541656940332572	0.594045005552278	0.586397600772633	0.0861057609385003
GCF_003184625.1_Aspneo1	11939	17090430	1431.47918586146	1203	1151.45782129508	0.53834105575784	0.53953953953954	0.0406083539985609	0.564997189384289	0.568034557235421	0.0511380944514164	0.447484554113426	0.442776735459662	0.0555637500631999	0.602541690031648	0.597510373443983	0.0853563986563465
GCF_003184695.1_Aspbru1	12074	16957765	1404.48608580421	1170	1122.78667630907	0.573148584993391	0.571877761763258	0.0523593614047753	0.58407507719804	0.58703276532456	0.0553368334551072	0.457449191555295	0.453488372093023	0.0573916449598571	0.677922294594624	0.672818791946309	0.117557170137795
GCF_003184745.1_Aspuva1	12015	16885648	1405.38060757387	1167	1150.20355015922	0.569702374036087	0.569544364508393	0.0516427375663053	0.58247622229414	0.58477508650519	0.0544626148097289	0.45534350581334	0.45119305856833	0.0565931219896504	0.671288072869692	0.667452830188679	0.116263886132282
GCF_003184755.1_Asppip1	12071	17265619	1430.33874575429	1200	1150.6612321792	0.538003664337756	0.539045069165551	0.0397344769681646	0.564948482552348	0.568345323741007	0.0500788481646914	0.44711772394438	0.442307692307692	0.0546215552052002	0.601945500897581	0.59656652360515	0.0847103845687955
GCF_003184765.1_Aspacu1	12028	17105376	1422.1296973728	1200	1115.6540864211	0.57498755024362	0.573351449275362	0.0506500817707638	0.585669102139406	0.587641593483518	0.0535255574627889	0.457341013236824	0.453416149068323	0.0557870423154285	0.681953400008095	0.675698618822558	0.116604549747341
GCF_003184785.1_Aspjap1	12023	17063654	1419.25093570656	1188	1122.48526583287	0.575581134636792	0.574372759856631	0.0526071106703896	0.586170294073896	0.588621444201313	0.0544255388456842	0.457274692968601	0.452702702702703	0.056369531386043	0.683298661682329	0.678571428571429	0.118741419593248
GCF_003184835.1_Aspcos1	11966	17432263	1456.8162293164	1221	1166.37424366991	0.539167614328574	0.539871530941694	0.0396891525895529	0.56648788241004	0.569176175205708	0.0494539552163505	0.446950835592601	0.442580733854028	0.0548740389516975	0.604064389190972	0.598337127178581	0.0841033638930264
GCF_003184845.1_Aspibe1	11680	16394466	1403.63578767123	1179	1104.38625573346	0.555291841948869	0.55760733979179	0.0449752743736916	0.573181513608431	0.576	0.0522519128396606	0.45224621686033	0.447395550732501	0.0589294823298592	0.64044873453427	0.641666666666667	0.0941908569342927
GCF_003184865.1_Asphom1	11361	16022989	1410.35023325411	1158	1157.91888442449	0.560796859119732	0.561692126909518	0.0446861855017153	0.578113553818215	0.580731489741302	0.0506796521177945	0.453351177150637	0.448979591836735	0.0551829376070559	0.650926331956	0.648148148148148	0.102017273478824
GCF_003184925.1_Aspvad1	12132	17237943	1420.86572700297	1185	1134.5504248001	0.537522675761184	0.538857275398175	0.0407006435767894	0.564783472126154	0.568181818181818	0.0505156537055123	0.446908112417165	0.442113724826536	0.0555324163901442	0.600876860322228	0.596088307232198	0.0858691051414023
GCF_003290485.1_ASM329048v1	4406	6489432	1472.86246028143	1234.5	1060.77217229236	0.560673748443009	0.559603332596033	0.0598391937405204	0.613081998418506	0.61247009569378	0.0584583390746517	0.449329625540095	0.447291750448391	0.057063734098001	0.619609621370427	0.618151219473149	0.120666937243714
GCF_003327735.1_ASM332773v1	10840	15544895	1434.03090405904	1182	1085.07718352255	0.467450703358422	0.463423597852296	0.0345770945505009	0.459829972586224	0.45748987854251	0.0520872977622415	0.36984215007902	0.363814646408636	0.0627911847386288	0.572680124530247	0.564396680261369	0.0857663272010252
GCF_003344945.1_Aspwel1	13684	18351105	1341.06292019877	1104	1172.649061254	0.533822178491364	0.535744302688473	0.0423287666571839	0.560038263006701	0.565580752366856	0.0553813891063499	0.449978548692386	0.444444444444444	0.0560787217146722	0.591449504096375	0.58653211055787	0.0886099316750925
GCF_003369625.1_ASM336962v1	11603	17632857	1519.68085839869	1278	1153.40845103683	0.55772895452715	0.554890219560878	0.0343499427602419	0.584065818513264	0.583193277310924	0.0411424681077863	0.451296847221187	0.446933962264151	0.0514430208850785	0.637824372844239	0.629283489096573	0.0819280832624776
GCF_003711515.1_Sodal1	9404	13167564	1400.20884729902	1122	1138.05817357782	0.585265345988422	0.588875238875239	0.0482581119418621	0.591864768558048	0.595744680851064	0.0544194780977026	0.468433979927983	0.466170942061035	0.0581842074158542	0.69549788957769	0.699587779266824	0.10734119502855
GCF_003724135.1_ASM372413v1	9431	14246784	1510.63344290107	1275	1106.77125754287	0.598660623094178	0.594033722438392	0.0476615879741891	0.602675389840257	0.6	0.0486478721894778	0.461545596312885	0.456366237482117	0.0575268036780938	0.731762209478358	0.723484848484849	0.102645825443616
GCF_003851025.1_SCP_1.1	13157	17446977	1326.06042410884	1044	1093.10426476143	0.552537192841334	0.547507788161994	0.0449174230033355	0.584426846947123	0.583720930232558	0.0502698695117252	0.455935235623513	0.44793152639087	0.0642182879439697	0.617249499677409	0.606846473029046	0.0868345481530942
GCF_003942205.1_ASM394220v1	9153	13611171	1487.07210750574	1239	1084.03322899516	0.617246582892512	0.617041198501873	0.0345039392103737	0.620815486449073	0.622388059701493	0.0515375486187179	0.476836837592587	0.469849246231156	0.0627533223757343	0.754087926321449	0.755519215044971	0.0729293015225893
GCF_004022145.1_Paevar1	9270	13673191	1474.99363538296	1230	1106.13913111761	0.528280475612165	0.527905269657273	0.0370898815284993	0.56591201340243	0.567567567567568	0.0468888812398381	0.44484303084716	0.44	0.0546966677257111	0.574087047841798	0.564	0.0792876625284482
GCF_004154835.1_ASM415483v1	12923	18067951	1398.12357811654	1173	1096.77141301089	0.531590973809979	0.528535980148883	0.0314453031694131	0.566146802472263	0.566170712607674	0.0447632501090541	0.44222582561411	0.436450839328537	0.0560518372497378	0.586400239678199	0.577844311377245	0.0716097281742198
GCF_004337985.1_ASM433798v1	11430	16560937	1448.90087489064	1185	1228.94400885836	0.57819323590575	0.57605528470086	0.0508088423902132	0.585197370305516	0.584459665144597	0.0598571554525665	0.467054616519756	0.46208808719485	0.0624302654348332	0.682327722260629	0.675	0.108622640050639
GCF_005498985.1_PGRAM_IIB_1.0	6602	11953120	1810.5301423811	1501.5	1297.18133478559	0.590432204118671	0.591139419129721	0.0254664213757997	0.598143134310527	0.600559990105012	0.0421019524161311	0.474275265648402	0.470588235294118	0.0611086922593358	0.698878260374544	0.69544446459961	0.0688683012352791
GCF_900007375.1_ASM90000737v1	13932	19359405	1389.56395348837	1164	1165.18846726153	0.511574260556883	0.509009009009009	0.0318314786473733	0.558061632095526	0.558620689655172	0.047803106580288	0.437347409676211	0.431226765799257	0.053231271780592	0.539313739898913	0.529522276844196	0.0681542480605438
GCF_900074925.1_version_1	11612	16206267	1395.64820874957	1146	1093.69183336338	0.536828517599604	0.535072092743554	0.0275931303330076	0.569921226462532	0.571018610013175	0.0451219738609816	0.449005948652	0.443344856966575	0.0542490828628832	0.591559603897122	0.585193306764402	0.0643985704600473
GCF_900079805.1_Fusarium_fujikuroi_IMI58289_V2	14810	21584217	1457.40830519919	1239	1077.26749754116	0.517491690603395	0.514528879783117	0.0287981118412922	0.563779838369597	0.563583815028902	0.0435328360153526	0.437109409913471	0.431538865357371	0.0512389854921943	0.551585823527116	0.54233409610984	0.0650368486585376
