Modeling	Genome	Element	Carrying_capacity	Rate	Initial_cost	AIC_Uniform	AIC_Linear	AIC_Exponential	BIC_Uniform	BIC_Linear	BIC_Exponential	P_Carrying_capacity	P_Rate	P_Initial_cost
Unsuccessful	GCF_000001985.1_JCVI-PMFA1-2.0	Hydrogen bonds	7.5218100755397	NA	7.42657140098484	-347.42863888899	-386.746238166776	NA	-342.238399188721	-378.960878616372	NA	NA	NA	NA
Successful	GCF_000002495.2_MG8	Hydrogen bonds	7.74216594967772	0.202590239230761	7.6049317756177	-368.936741690495	-373.512491791558	-383.532187461543	-363.746501990226	-365.727132241154	-373.151708061004	4.39503049047263e-224	0.0301281073504492	2.33490908939202e-111
Successful	GCF_000002515.2_ASM251v1	Hydrogen bonds	7.25999831801217	-0.0140219234216287	7.24899469815917	-436.674120406871	-448.213372368823	-446.861691456725	-431.483880706602	-440.428012818419	-436.481212056186	2.06314161157039e-127	0.511354263812788	1.85264868427662e-198
Unsuccessful	GCF_000002525.2_ASM252v1	Hydrogen bonds	7.64732651929656	NA	7.4301212507977	-321.458663069446	-319.74284276855	NA	-316.268423369177	-311.957483218146	NA	NA	NA	NA
Successful	GCF_000002545.3_ASM254v2	Hydrogen bonds	7.33105655014139	-0.0477902841264904	7.33056570934008	-387.908627261292	-397.91000973642	-405.405863358814	-382.718387561023	-390.124650186017	-395.025383958275	1.1947793564691e-200	0.0499104116029039	6.47279516730489e-207
Unsuccessful	GCF_000002655.1_ASM265v1	Hydrogen bonds	7.61947901882054	NA	7.50820727389765	-437.972223638356	-437.010579520035	NA	-432.781983938087	-429.225219969632	NA	NA	NA	NA
Unsuccessful	GCF_000002715.2_ASM271v1	Hydrogen bonds	7.66808468453631	NA	7.52338913093327	-406.901860433905	-405.436163237923	NA	-401.711620733636	-397.650803687519	NA	NA	NA	NA
Unsuccessful	GCF_000002855.3_ASM285v2	Hydrogen bonds	7.63989753659608	NA	7.53864618338934	-372.93223116202	-400.577043211558	NA	-367.741991461751	-392.791683661154	NA	NA	NA	NA
Successful	GCF_000002945.1_ASM294v2	Hydrogen bonds	7.200470682115	0.108735903814931	7.16390093269709	-454.069545557686	-454.433585377222	-456.591820640284	-448.879305857417	-446.648225826819	-446.211341239746	2.07012958846392e-231	0.216888418490497	9.56212476742566e-148
Unsuccessful	GCF_000003125.1_JCVI-TSTA1-3.0	Hydrogen bonds	7.48611251678069	NA	7.38743781094527	-375.535088806841	-408.562554087259	NA	-370.344849106572	-400.777194536856	NA	NA	NA	NA
Unsuccessful	GCF_000003515.1_ASM351v2	Hydrogen bonds	7.58605784309828	NA	7.53300997035839	-366.176408390245	-409.865937241384	NA	-360.986168689976	-402.08057769098	NA	NA	NA	NA
Successful	GCF_000003835.1_ASM383v1	Hydrogen bonds	7.44382695709819	0.208682918431113	7.34739389298943	-461.07190630995	-461.312158756203	-479.694834339068	-455.88166660968	-453.526799205799	-469.31435493853	7.55947356843408e-243	0.0160069180709509	1.53064036203205e-128
Unsuccessful	GCF_000003855.2_BD_SLH14081_V1	Hydrogen bonds	7.55928180444629	NA	7.49197406186882	-396.879705542768	-422.53910469262	NA	-391.689465842499	-414.753745142216	NA	NA	NA	NA
Successful	GCF_000004155.1_SCY4	Hydrogen bonds	7.24462003235108	0.0671945612212777	7.18245118150881	-459.929850570382	-486.385076588942	-492.576938660458	-454.739610870113	-478.599717038538	-482.19645925992	2.53129826520284e-230	0.003464120582825	1.28565934490328e-169
Unsuccessful	GCF_000006275.2_JCVI-afl1-v2.0	Hydrogen bonds	7.57976976063417	NA	7.48154981549815	-436.386932089835	-447.608576309306	NA	-431.196692389566	-439.823216758902	NA	NA	NA	NA
Unsuccessful	GCF_000006335.3_ASM633v3	Hydrogen bonds	7.02608737313647	NA	6.98181522974509	-430.356225576502	-487.919960118015	NA	-425.165985876233	-480.134600567612	NA	NA	NA	NA
Successful	GCF_000006445.2_ASM644v2	Hydrogen bonds	7.15633575695383	0.161938438883507	7.07608682025695	-429.989843977323	-435.765227704231	-441.908479649316	-424.799604277054	-427.979868153828	-431.528000248777	9.41556384041533e-232	0.0463686023652195	7.35725245610367e-130
Unsuccessful	GCF_000026365.1_ASM2636v1	Hydrogen bonds	7.21433471550568	NA	7.17212945784374	-411.153860392276	-459.046191800798	NA	-405.963620692007	-451.260832250394	NA	NA	NA	NA
Successful	GCF_000026945.1_ASM2694v1	Hydrogen bonds	7.0793851180383	-0.0200013955911381	7.0730585940308	-436.894743596673	-452.564169693512	-453.530172728769	-431.704503896404	-444.778810143108	-443.149693328231	2.73615357323532e-155	0.272150004636384	4.97716357748559e-202
Successful	GCF_000027005.1_ASM2700v1	Hydrogen bonds	7.3388028589997	-0.00997979352532103	7.31071821574613	-418.260560614801	-440.589222472917	-439.57582246787	-413.070320914532	-432.803862922513	-429.195343067332	7.95460111745866e-99	0.51126428230897	4.44758198437671e-195
Successful	GCF_000091025.4_ASM9102v4	Hydrogen bonds	7.74685306798431	0.0580865242336789	7.48674702783882	-258.985927996144	-360.096817387278	-416.193547270183	-253.795688295874	-352.311457836874	-405.813067869645	1.63431575273304e-212	7.76835271329109e-14	1.52379697385106e-159
Unsuccessful	GCF_000091045.1_ASM9104v1	Hydrogen bonds	7.56358202097813	NA	7.51162790697674	-323.537219884483	-431.466112489274	NA	-318.346980184214	-423.68075293887	NA	NA	NA	NA
Unsuccessful	GCF_000091225.1_ASM9122v1	Hydrogen bonds	7.43749843254947	NA	7.33095359510454	-398.851634174873	-404.707440018052	NA	-393.661394474604	-396.922080467649	NA	NA	NA	NA
Successful	GCF_000142805.1_ASM14280v1	Hydrogen bonds	7.52569151978942	0.112857059812041	7.37916118423384	-396.32019653188	-429.888852951571	-472.469897582896	-391.129956831611	-422.103493401167	-462.089418182358	5.17097533884264e-237	6.54799086615749e-07	1.36669771941893e-151
Successful	GCF_000143105.1_Sanger-454-IlluminaPA_2.0	Hydrogen bonds	7.80290086391712	0.216926839017503	7.72316747115888	-397.877525825073	-396.73480812405	-400.977279674756	-392.687286124804	-388.949448573647	-390.596800274218	1.98796010192892e-228	0.189866022654682	3.58953388527264e-112
Unsuccessful	GCF_000143185.1_v1.0	Hydrogen bonds	7.79376037786507	NA	7.72579106376212	-503.131166719034	-506.218565717422	NA	-497.940927018765	-498.433206167018	NA	NA	NA	NA
Unsuccessful	GCF_000143365.1_ASM14336v1	Hydrogen bonds	7.78795162611238	NA	7.64390104116917	-398.556281745795	-396.798010248987	NA	-393.366042045526	-389.012650698583	NA	NA	NA	NA
Unsuccessful	GCF_000143535.2_ASM14353v4	Hydrogen bonds	7.4091420909864	NA	7.3032184778493	-397.114963061579	-410.214425813948	NA	-391.92472336131	-402.429066263544	NA	NA	NA	NA
Unsuccessful	GCF_000143565.1_V1.0	Hydrogen bonds	7.52651357352521	NA	7.49241136091693	-540.915372254812	-548.996726384885	NA	-535.725132554543	-541.211366834481	NA	NA	NA	NA
Successful	GCF_000145635.1_Gae_graminis_V2	Hydrogen bonds	7.88748951024382	0.197299625263132	7.76588218343365	-410.437223071319	-416.616361585499	-430.080303343073	-405.24698337105	-408.831002035096	-419.699823942535	1.6015950205388e-234	0.0136084565752771	4.50644480083353e-123
Unsuccessful	GCF_000146045.2_R64	Hydrogen bonds	7.23590325105913	NA	7.13026685393258	-421.822639002276	-420.783689400862	NA	-416.632399302007	-412.998329850459	NA	NA	NA	NA
Unsuccessful	GCF_000146465.1_ASM14646v1	Hydrogen bonds	7.27139946281374	NA	7.15875706214689	-436.848421329644	-436.12946394607	NA	-431.658181629375	-428.344104395667	NA	NA	NA	NA
Unsuccessful	GCF_000146915.1_ASM14691v2	Hydrogen bonds	7.65027441716181	NA	7.54868995633188	-438.051954910198	-449.55798161802	NA	-432.861715209929	-441.772622067616	NA	NA	NA	NA
Unsuccessful	GCF_000146945.2_ASM14694v2	Hydrogen bonds	7.37908669970725	NA	7.29988257609972	-414.991676626385	-428.718208676281	NA	-409.801436926115	-420.932849125877	NA	NA	NA	NA
Unsuccessful	GCF_000149035.1_C_graminicola_M1_001_V1	Hydrogen bonds	7.76499650404202	NA	7.60054635178005	-393.29458668886	-391.567457042552	NA	-388.104346988591	-383.782097492148	NA	NA	NA	NA
Unsuccessful	GCF_000149205.2_ASM14920v2	Hydrogen bonds	7.62353424719563	NA	7.53904175077021	-395.557320691479	-417.929771389737	NA	-390.36708099121	-410.144411839333	NA	NA	NA	NA
Unsuccessful	GCF_000149245.1_CNA3	Hydrogen bonds	7.54916095435156	NA	7.5012574454004	-340.801093581178	-433.869081507802	NA	-335.610853880909	-426.083721957398	NA	NA	NA	NA
Unsuccessful	GCF_000149335.2_ASM14933v2	Hydrogen bonds	7.56171920930468	NA	7.48983718207939	-407.724672528432	-446.907390215113	NA	-402.534432828163	-439.122030664709	NA	NA	NA	NA
Unsuccessful	GCF_000149385.1_ASM14938v1	Hydrogen bonds	7.56622161262077	NA	7.52068539672738	-333.747153383362	-447.261179991343	NA	-328.556913683093	-439.47582044094	NA	NA	NA	NA
Unsuccessful	GCF_000149425.1_ASM14942v1	Hydrogen bonds	7.34484767466404	NA	7.29665236051502	-329.921786135154	-361.777069652305	NA	-324.731546434885	-353.991710101901	NA	NA	NA	NA
Unsuccessful	GCF_000149555.1_ASM14955v1	Hydrogen bonds	7.56665372557369	NA	7.45724471606825	-381.386877863758	-401.164601533395	NA	-376.196638163489	-393.379241982992	NA	NA	NA	NA
Unsuccessful	GCF_000149585.1_ASM14958v1	Hydrogen bonds	7.55040871934605	NA	7.51700035540813	-402.835614576642	-432.796772717505	NA	-397.645374876373	-425.011413167101	NA	NA	NA	NA
Unsuccessful	GCF_000149615.1_ASM14961v1	Hydrogen bonds	7.70978493221992	NA	7.57957521093977	-419.785407520157	-418.265400010467	NA	-414.595167819888	-410.480040460063	NA	NA	NA	NA
Unsuccessful	GCF_000149645.1_ASM14964v1	Hydrogen bonds	7.6288025677723	NA	7.48940803801228	-411.231088692565	-409.502636329481	NA	-406.040848992296	-401.717276779078	NA	NA	NA	NA
Unsuccessful	GCF_000149685.1_ASM14968v1	Hydrogen bonds	7.23163486706158	NA	7.14460784313725	-455.163529310124	-459.992593921804	NA	-449.973289609855	-452.2072343714	NA	NA	NA	NA
Successful	GCF_000149845.2_SJ5	Hydrogen bonds	7.36923234467356	0.161245489655664	7.27785170828807	-432.586789474504	-440.616433500875	-450.570215219959	-427.396549774234	-432.831073950472	-440.18973581942	9.09587489214113e-235	0.0179090486341334	4.53257682993108e-133
Unsuccessful	GCF_000149925.1_ASM14992v1	Hydrogen bonds	7.50941236495929	NA	7.43173207036536	-528.336557606041	-532.132503774402	NA	-523.146317905772	-524.347144223999	NA	NA	NA	NA
Unsuccessful	GCF_000149955.1_ASM14995v2	Hydrogen bonds	7.55720845907345	NA	7.45842892176252	-405.148118471136	-422.967347430725	NA	-399.957878770867	-415.181987880321	NA	NA	NA	NA
Unsuccessful	GCF_000149985.1_ASM14998v1	Hydrogen bonds	7.63022489423936	NA	7.51567052176216	-384.85648016014	-412.822989722204	NA	-379.666240459871	-405.0376301718	NA	NA	NA	NA
Unsuccessful	GCF_000150035.1_ASM15003v1	Hydrogen bonds	7.05418415496595	NA	7.01139876352396	-433.703600576529	-485.130030975105	NA	-428.51336087626	-477.344671424701	NA	NA	NA	NA
Successful	GCF_000150505.1_SO6	Hydrogen bonds	7.23777313426237	0.0883482997734312	7.18120452127236	-458.079448694678	-469.549298735662	-475.867649534448	-452.889208994408	-461.763939185258	-465.487170133909	1.15653667034098e-232	0.0223689688573138	1.66234266725197e-158
Unsuccessful	GCF_000150675.1_ASM15067v2	Hydrogen bonds	7.78800957847954	NA	7.65336072791312	-401.899774345976	-400.021241481437	NA	-396.709534645707	-392.235881931033	NA	NA	NA	NA
Unsuccessful	GCF_000150705.2_Paracocci_br_Pb01_V2	Hydrogen bonds	7.53446642358818	NA	7.48648986740055	-397.908414740237	-437.456446694887	NA	-392.718175039968	-429.671087144483	NA	NA	NA	NA
Unsuccessful	GCF_000150735.1_Paracocci_br_Pb18_V2	Hydrogen bonds	7.54349099036298	NA	7.48986000261677	-398.260114607339	-437.006691771619	NA	-393.06987490707	-429.221332221216	NA	NA	NA	NA
Unsuccessful	GCF_000150825.1_ASM15082v1	Hydrogen bonds	7.77644957062412	NA	7.65182474331605	-407.413335084233	-406.344296505392	NA	-402.223095383964	-398.558936954989	NA	NA	NA	NA
Unsuccessful	GCF_000150975.2_MS_CBS118893	Hydrogen bonds	7.58203357164702	NA	7.49853338026517	-356.628950944822	-402.622999653801	NA	-351.438711244553	-394.837640103397	NA	NA	NA	NA
Unsuccessful	GCF_000151125.1_ASM15112v2	Hydrogen bonds	7.57463928848769	NA	7.5022245485475	-420.058136334448	-464.788273148833	NA	-414.867896634179	-457.002913598429	NA	NA	NA	NA
Unsuccessful	GCF_000151145.1_ASM15114v1	Hydrogen bonds	7.55768399990905	NA	7.4839343504392	-380.456627388257	-411.091241276162	NA	-375.266387687987	-403.305881725759	NA	NA	NA	NA
Unsuccessful	GCF_000151335.2_JCVI-cpa1-1.0	Hydrogen bonds	7.5752897266069	NA	7.49599212487695	-363.282938319048	-414.581437418968	NA	-358.092698618779	-406.796077868564	NA	NA	NA	NA
Unsuccessful	GCF_000151355.1_v2.0	Hydrogen bonds	7.65577153416701	NA	7.539175856065	-375.973098444881	-401.690916328336	NA	-370.782858744612	-393.905556777932	NA	NA	NA	NA
Unsuccessful	GCF_000151425.1_ASM15142v1	Hydrogen bonds	7.58449158013022	NA	7.50534759358289	-350.139240192606	-403.743838182772	NA	-344.949000492337	-395.958478632368	NA	NA	NA	NA
Unsuccessful	GCF_000151505.1_ASM15150v1	Hydrogen bonds	7.57316360552062	NA	7.49503657262278	-430.624085527133	-474.511321130749	NA	-425.433845826864	-466.725961580345	NA	NA	NA	NA
Unsuccessful	GCF_000151645.1_ASM15164v1	Hydrogen bonds	7.57189714295328	NA	7.49216631515517	-449.369139860816	-463.014587436666	NA	-444.178900160547	-455.229227886263	NA	NA	NA	NA
Unsuccessful	GCF_000167675.1_v2.0	Hydrogen bonds	7.78617036646484	NA	7.64965090992331	-406.999234539767	-413.08681974071	NA	-401.808994839498	-405.301460190307	NA	NA	NA	NA
Unsuccessful	GCF_000170995.1_TRIVI_v2.0	Hydrogen bonds	7.62705847210196	NA	7.51482072382232	-383.441043038768	-409.059333354429	NA	-378.250803338499	-401.273973804026	NA	NA	NA	NA
Unsuccessful	GCF_000171015.1_TRIAT_v2.0	Hydrogen bonds	7.65082086590086	NA	7.52503185872929	-380.998392914763	-398.936404489602	NA	-375.808153214494	-391.151044939198	NA	NA	NA	NA
Unsuccessful	GCF_000181695.1_ASM18169v1	Hydrogen bonds	7.57821196637284	NA	7.52843544056627	-443.570376133829	-490.49804219761	NA	-438.38013643356	-482.712682647207	NA	NA	NA	NA
Unsuccessful	GCF_000182565.1_S_punctatus_V1	Hydrogen bonds	7.51270611263214	NA	7.47349670733024	-389.82141890711	-464.66715305802	NA	-384.631179206841	-456.881793507616	NA	NA	NA	NA
Unsuccessful	GCF_000182805.2_ASM18280v2	Hydrogen bonds	7.70776169655054	NA	7.54697674418605	-371.511344009437	-380.150886905508	NA	-366.321104309168	-372.365527355104	NA	NA	NA	NA
Unsuccessful	GCF_000182895.1_CC3	Hydrogen bonds	7.61835795252218	NA	7.53813223402569	-460.738838226004	-474.952676462951	NA	-455.548598525734	-467.167316912547	NA	NA	NA	NA
Unsuccessful	GCF_000182925.2_NC12	Hydrogen bonds	7.69983939068842	NA	7.55223880597015	-384.134873016737	-389.482041780312	NA	-378.944633316468	-381.696682229909	NA	NA	NA	NA
Successful	GCF_000182965.3_ASM18296v3	Hydrogen bonds	7.08244745243516	-0.0178920768888728	7.07655006563121	-444.506230354423	-452.311919682676	-451.896594633848	-439.315990654154	-444.526560132272	-441.516115233309	1.50926243065307e-146	0.467962802535051	1.34581089611302e-200
Unsuccessful	GCF_000184455.2_ASM18445v3	Hydrogen bonds	7.5728105643613	NA	7.4817790293192	-434.141923479209	-442.684416210262	NA	-428.95168377894	-434.899056659858	NA	NA	NA	NA
Unsuccessful	GCF_000185945.1_ASM18594v1	Hydrogen bonds	7.54711002866968	NA	7.50721420643729	-337.608894274096	-429.723703470813	NA	-332.418654573827	-421.93834392041	NA	NA	NA	NA
Unsuccessful	GCF_000187245.1_Hansenula_2	Hydrogen bonds	7.48780931986524	NA	7.3531890442444	-344.025676997802	-346.561645718993	NA	-338.835437297533	-338.776286168589	NA	NA	NA	NA
Unsuccessful	GCF_000187405.1_MetAcr_May2010	Hydrogen bonds	7.65573431083053	NA	7.57412008281574	-393.793849609338	-421.784049342772	NA	-388.603609909069	-413.998689792368	NA	NA	NA	NA
Unsuccessful	GCF_000187425.2_MAA_2.0	Hydrogen bonds	7.66340869109933	NA	7.56865841888216	-386.136297582095	-403.263597310827	NA	-380.946057881826	-395.478237760423	NA	NA	NA	NA
Successful	GCF_000192795.1_Vavr_culi_floridensis_V1	Hydrogen bonds	7.29233859124356	0.0628902145660267	7.1430225578742	-362.132640195864	-429.544989896911	-478.656293756968	-356.942400495595	-421.759630346508	-468.275814356429	9.70488998717557e-226	8.7784262686523e-10	1.83420946098399e-168
Successful	GCF_000203795.1_v1.0	Hydrogen bonds	7.30716013165416	-0.0229422303879888	7.30346229730395	-484.779469654617	-501.548796291147	-502.973401712138	-479.589229954348	-493.763436740743	-492.592922311599	3.37880491294055e-177	0.201638660402906	2.38141244509297e-215
Successful	GCF_000204055.1_v1.0	Hydrogen bonds	7.32576319816245	-0.0232302021568409	7.32436491714451	-575.305857601955	-579.304131455233	-579.20512426696	-570.115617901685	-571.518771904829	-568.824644866421	2.42117863463641e-194	0.457244383203209	1.06046139500391e-231
Unsuccessful	GCF_000209165.1_ASM20916v1	Hydrogen bonds	7.32604126366361	NA	7.28337442761536	-343.710263675745	-412.162605041645	NA	-338.520023975476	-404.377245491242	NA	NA	NA	NA
Unsuccessful	GCF_000213175.1_v2.0	Hydrogen bonds	7.69985537820116	NA	7.55487871206353	-385.075814168516	-394.811887763382	NA	-379.885574468247	-387.026528212978	NA	NA	NA	NA
Unsuccessful	GCF_000218685.1_v1.0	Hydrogen bonds	7.47364431551337	NA	7.42616318273769	-503.317838997687	-518.819651051185	NA	-498.127599297418	-511.034291500782	NA	NA	NA	NA
Unsuccessful	GCF_000219625.1_MYCGR_v2.0	Hydrogen bonds	7.67672782396057	NA	7.59714588757111	-385.022054647872	-424.89413922247	NA	-379.831814947603	-417.108779672066	NA	NA	NA	NA
Unsuccessful	GCF_000221225.1_CTHT_3.0	Hydrogen bonds	7.73109271030817	NA	7.59948979591837	-358.311324214889	-379.754066265566	NA	-353.12108451462	-371.968706715162	NA	NA	NA	NA
Successful	GCF_000223465.1_Candida_tenuis_v1.0	Hydrogen bonds	7.38122683429992	-0.0178111514888833	7.37259398777864	-316.912961429435	-320.703303207044	-319.329465127452	-311.722721729165	-312.917943656641	-308.948985726913	5.48436893274945e-120	0.591943339825024	2.47257138552321e-174
Unsuccessful	GCF_000223485.1_Spathaspora_passalidarum_v2.0	Hydrogen bonds	7.2092565792674	NA	7.10738130563798	-412.11025129342	-418.950844190498	NA	-406.92001159315	-411.165484640095	NA	NA	NA	NA
Unsuccessful	GCF_000225545.1_AOL24927_1.0	Hydrogen bonds	7.48427444924609	NA	7.43230659025788	-326.260022942923	-401.010729508099	NA	-321.069783242654	-393.225369957695	NA	NA	NA	NA
Successful	GCF_000225605.1_CmilitarisCM01_v01	Hydrogen bonds	7.84627444390595	0.004975917716068	7.78307861031166	-391.343425407291	-393.932154082504	-391.936424636314	-386.153185707022	-386.146794532101	-381.555945235775	4.40348849538591e-38	0.892912819102061	7.21905129634278e-180
Unsuccessful	GCF_000226095.1_ASM22609v1	Hydrogen bonds	7.84412603991887	NA	7.68107337924484	-407.218642683047	-408.058132711212	NA	-402.028402982778	-400.272773160808	NA	NA	NA	NA
Unsuccessful	GCF_000226115.1_ASM22611v1	Hydrogen bonds	7.89961882853423	NA	7.76164775856372	-417.807207793629	-415.8076986024	NA	-412.61696809336	-408.022339051997	NA	NA	NA	NA
Unsuccessful	GCF_000226395.1_PenChr_Nov2007	Hydrogen bonds	7.58929479586189	NA	7.46953231908557	-412.760105143329	-414.595202454024	NA	-407.56986544306	-406.80984290362	NA	NA	NA	NA
Unsuccessful	GCF_000226545.1_ASM22654v1	Hydrogen bonds	7.6959212011596	NA	7.55633802816901	-412.353499238821	-419.83399693108	NA	-407.163259538552	-412.048637380676	NA	NA	NA	NA
Unsuccessful	GCF_000227115.2_ASM22711v2	Hydrogen bonds	7.0780905191561	NA	7.03255208333333	-403.120986371018	-470.94388939503	NA	-397.930746670749	-463.158529844626	NA	NA	NA	NA
Unsuccessful	GCF_000230375.1_ASM23037v1	Hydrogen bonds	7.64633852083496	NA	7.57432498294181	-452.718892710381	-466.274718340945	NA	-447.528653010112	-458.489358790541	NA	NA	NA	NA
Unsuccessful	GCF_000230625.1_Exop_derm_V1	Hydrogen bonds	7.63333484382135	NA	7.5597490963215	-386.804898105843	-416.722611167201	NA	-381.614658405574	-408.937251616797	NA	NA	NA	NA
Unsuccessful	GCF_000231115.1_Vitt_corn_V1	Hydrogen bonds	7.16282941024567	NA	7.11105904404873	-449.806268048554	-447.817973399494	NA	-444.616028348285	-440.03261384909	NA	NA	NA	NA
Successful	GCF_000235365.1_ASM23536v1	Hydrogen bonds	7.28735448828175	0.174002521612818	7.18336128127201	-432.935671168632	-435.141285895054	-455.257087956005	-427.745431468362	-427.35592634465	-444.876608555466	8.58970593162258e-236	0.00893134357770619	1.77045453823201e-130
Successful	GCF_000236905.1_ASM23690v1	Hydrogen bonds	7.12445649025705	-0.0104301393390795	7.10407789856677	-436.777697050321	-452.076183022201	-450.692342347654	-431.587457350052	-444.290823471798	-440.311862947116	1.32166846821692e-103	0.571805856320459	1.74989887046745e-196
Successful	GCF_000237345.1_ASM23734v1	Hydrogen bonds	7.25469074715622	-0.0168365016892566	7.23364038820343	-366.015060127185	-423.170965480735	-426.276794540994	-360.824820426916	-415.385605930331	-415.896315140456	4.62280227863399e-137	0.0615009478785499	1.88225563179382e-195
Unsuccessful	GCF_000240135.3_ASM24013v3	Hydrogen bonds	7.55859357272163	NA	7.43725007689942	-383.515987114639	-398.846203753445	NA	-378.32574741437	-391.060844203041	NA	NA	NA	NA
Unsuccessful	GCF_000243375.1_ASM24337v1	Hydrogen bonds	7.30017077947526	NA	7.24192540112523	-408.239486499607	-451.297710104058	NA	-403.049246799338	-443.512350553655	NA	NA	NA	NA
Successful	GCF_000250985.1_Nema_parisii_ERTm1_V3	Hydrogen bonds	7.11320555650602	0.0488048923529878	7.06537015187738	-464.797804227765	-480.543756627015	-487.514122885124	-459.607564527496	-472.758397076611	-477.133643484585	1.35454745101367e-217	0.0258830836029005	3.30726512626058e-175
Successful	GCF_000263375.1_Wallemia_sebi_v1.0	Hydrogen bonds	7.27711649172504	0.0688080007819155	7.18622468583552	-428.856510570635	-461.572183201843	-488.693937136051	-423.666270870366	-453.786823651439	-478.313457735513	2.70148043892635e-230	4.34893393912892e-05	2.49901896973407e-168
Unsuccessful	GCF_000264905.1_Stehi1	Hydrogen bonds	7.61672653152537	NA	7.55344958301744	-512.49163535851	-523.257076191274	NA	-507.301395658241	-515.471716640871	NA	NA	NA	NA
Unsuccessful	GCF_000264995.1_Punctularia_strigosozonata_v1.0	Hydrogen bonds	7.72712948373343	NA	7.66780980628418	-505.58658402233	-523.44346267014	NA	-500.39634432206	-515.658103119736	NA	NA	NA	NA
Unsuccessful	GCF_000271585.1_Trametes_versicolor_v1.0	Hydrogen bonds	7.78751900025251	NA	7.69873150105708	-512.681657654434	-512.629497186075	NA	-507.491417954165	-504.844137635671	NA	NA	NA	NA
Unsuccessful	GCF_000271605.1_Fomme1	Hydrogen bonds	7.51341646906831	NA	7.48005766458433	-453.19995582903	-499.953336497358	NA	-448.009716128761	-492.167976946954	NA	NA	NA	NA
Successful	GCF_000271625.1_Conpu1	Hydrogen bonds	7.68986314255805	-0.00774751480105587	7.68250779648938	-536.658408990828	-537.036172497422	-535.097178531197	-531.468169290559	-529.250812947018	-524.716699130659	1.42436756846575e-100	0.880233811495108	3.90823322492022e-216
Unsuccessful	GCF_000271645.1_Treme1	Hydrogen bonds	7.44851811960702	NA	7.40931801149138	-440.477142900188	-484.686667936853	NA	-435.286903199918	-476.901308386449	NA	NA	NA	NA
Unsuccessful	GCF_000275845.1_Dichomitus_squalens_v1.0	Hydrogen bonds	7.7309145362579	NA	7.65783153962466	-514.154707959009	-515.66808906759	NA	-508.96446825874	-507.882729517186	NA	NA	NA	NA
Successful	GCF_000277815.2_ASM27781v3	Hydrogen bonds	7.33770962077583	0.152863692955207	7.16219927674542	-368.795937411567	-371.076253689336	-418.447830672454	-363.605697711298	-363.290894138932	-408.067351271916	1.99728787645924e-227	8.88853063884353e-05	3.19195170173264e-128
Successful	GCF_000280035.1_ASM28003v2	Hydrogen bonds	7.2485992917238	0.162220386508452	7.13753613472631	-417.644175611161	-415.684255542492	-442.335983249948	-412.453935910892	-407.898895992088	-431.95550384941	2.1970410664889e-232	0.00616117688827424	2.08765511996488e-130
Unsuccessful	GCF_000280675.1_ASM28067v1	Hydrogen bonds	7.73134155586895	NA	7.58707110890104	-391.824987685529	-390.326026426746	NA	-386.63474798526	-382.540666876343	NA	NA	NA	NA
Unsuccessful	GCF_000281105.1_Coni_apol_CBS100218_V1	Hydrogen bonds	7.72290884111935	NA	7.61367919299412	-425.244140744492	-427.554080306504	NA	-420.053901044223	-419.7687207561	NA	NA	NA	NA
Unsuccessful	GCF_000293215.1_Trichosporon_asahii_1	Hydrogen bonds	7.85635080952139	NA	7.80433436532508	-435.20283288135	-472.605688413567	NA	-430.012593181081	-464.820328863163	NA	NA	NA	NA
Unsuccessful	GCF_000298775.1_ASM29877v1	Hydrogen bonds	7.64695293430745	NA	7.53842228798857	-443.692513453093	-442.78269916008	NA	-438.502273752824	-434.997339609677	NA	NA	NA	NA
Unsuccessful	GCF_000300555.1_Agabi_varbur_1	Hydrogen bonds	7.50679342315523	NA	7.4632360217714	-402.01637350789	-493.81447721305	NA	-396.826133807621	-486.029117662646	NA	NA	NA	NA
Unsuccessful	GCF_000300575.1_Agabi_varbisH97_2	Hydrogen bonds	7.50580455246294	NA	7.45693156962816	-398.734154875067	-502.38140150035	NA	-393.543915174797	-494.596041949946	NA	NA	NA	NA
Unsuccessful	GCF_000300595.1_Phanerochaete_carnosa_HHB-10118-Sp_v1.0	Hydrogen bonds	7.6803406102175	NA	7.63462325124765	-537.394583572599	-548.289725571848	NA	-532.204343872329	-540.504366021444	NA	NA	NA	NA
Unsuccessful	GCF_000303195.2_FP7	Hydrogen bonds	7.56994132595288	NA	7.43156199677939	-356.661613634384	-371.470045206195	NA	-351.471373934115	-363.684685655791	NA	NA	NA	NA
Unsuccessful	GCF_000304475.1_Ka_CBS2517	Hydrogen bonds	7.13971739979909	NA	7.09178003448937	-407.27336624437	-465.041158358544	NA	-402.0831265441	-457.25579880814	NA	NA	NA	NA
Unsuccessful	GCF_000313485.1_ASM31348v1	Hydrogen bonds	6.9626326307097	NA	6.88997108507077	-254.814862633747	-373.005292987374	NA	-249.624622933478	-365.21993343697	NA	NA	NA	NA
Unsuccessful	GCF_000313525.1_ASM31352v1	Hydrogen bonds	7.62415206331261	NA	7.59108439201452	-473.692848406791	-515.861226619375	NA	-468.502608706522	-508.075867068971	NA	NA	NA	NA
Unsuccessful	GCF_000315645.1_PdigPd1_v1	Hydrogen bonds	7.59323454844803	NA	7.50930375847197	-425.570203714499	-438.021529857959	NA	-420.37996401423	-430.236170307555	NA	NA	NA	NA
Successful	GCF_000315875.1_ASM31587v1	Hydrogen bonds	7.25364408292197	-0.00694207834145391	7.20090578948111	-433.328043441109	-468.311407956628	-466.842009023719	-428.13780374084	-460.526048406224	-456.461529623181	1.93939044095144e-74	0.560950487359195	1.51733399949351e-198
Unsuccessful	GCF_000315915.1_ASM31591v1	Hydrogen bonds	7.04254430425732	NA	6.97331808652563	-417.189144351755	-465.21822157492	NA	-411.998904651486	-457.432862024516	NA	NA	NA	NA
Unsuccessful	GCF_000320565.1_Septoria_musiva_SO2202_v1.0	Hydrogen bonds	7.66211369890412	NA	7.61442995372318	-367.297464072251	-434.533468797239	NA	-362.107224371982	-426.748109246835	NA	NA	NA	NA
Unsuccessful	GCF_000320585.1_Heterobasidion_irregulare_v2.0	Hydrogen bonds	7.67068609381865	NA	7.61529759832927	-554.875473129454	-553.102327760602	NA	-549.685233429185	-545.316968210199	NA	NA	NA	NA
Unsuccessful	GCF_000320785.1_RHOziaDV1.0	Hydrogen bonds	7.89838990633769	NA	7.85586718651742	-377.802731652583	-477.441008223794	NA	-372.612491952314	-469.65564867339	NA	NA	NA	NA
Unsuccessful	GCF_000328475.2_Umaydis521_2.0	Hydrogen bonds	7.67677103519119	NA	7.58468291206296	-369.536726595516	-399.752716191024	NA	-364.346486895247	-391.96735664062	NA	NA	NA	NA
Unsuccessful	GCF_000338955.1_Bauco1	Hydrogen bonds	7.68222305441615	NA	7.59564474807857	-424.405964285609	-437.476404250652	NA	-419.21572458534	-429.691044700248	NA	NA	NA	NA
Unsuccessful	GCF_000338995.1_Cocsa1	Hydrogen bonds	7.61987339775423	NA	7.5285994297933	-390.34643393505	-426.596410079827	NA	-385.156194234781	-418.811050529423	NA	NA	NA	NA
Unsuccessful	GCF_000340215.1_Mycfi2	Hydrogen bonds	7.61653944945726	NA	7.58236792375318	-417.066094903081	-474.456967355943	NA	-411.875855202812	-466.67160780554	NA	NA	NA	NA
Unsuccessful	GCF_000344685.1_Glotr1_1	Hydrogen bonds	7.69158992086856	NA	7.63078894380377	-499.118565190398	-516.480802220644	NA	-493.928325490129	-508.695442670241	NA	NA	NA	NA
Successful	GCF_000348985.1_ASM34898v1	Hydrogen bonds	7.50990158901674	0.176540570928404	7.33143050658735	-374.242836911772	-372.277848115856	-416.862912607064	-369.052597211503	-364.492488565452	-406.482433206525	4.80889364087448e-229	0.000300304969331895	4.64922894567062e-123
Unsuccessful	GCF_000349005.2_Pneumo_murina_B123_V4	Hydrogen bonds	6.94588339239582	NA	6.86291739894552	-469.466815932737	-469.980029231909	NA	-464.276576232468	-462.194669681506	NA	NA	NA	NA
Unsuccessful	GCF_000349305.1_ASM34930v2	Hydrogen bonds	7.79822881021402	NA	7.72883829538821	-346.848793462827	-364.79591149177	NA	-341.658553762557	-357.010551941366	NA	NA	NA	NA
Unsuccessful	GCF_000354255.1_CocheC4_1	Hydrogen bonds	7.62634212744851	NA	7.53107932379714	-396.510541990273	-429.694966621637	NA	-391.320302290004	-421.909607071233	NA	NA	NA	NA
Unsuccessful	GCF_000359705.1_Setospaeria_trucica_Et28A_v1.0	Hydrogen bonds	7.71093880497292	NA	7.61381004366812	-400.869168774754	-431.79094543758	NA	-395.678929074484	-424.005585887177	NA	NA	NA	NA
Unsuccessful	GCF_000365145.1_Phia_euro_CBS_101466_V1	Hydrogen bonds	7.67317076883267	NA	7.5966573816156	-388.736368398935	-409.63126349196	NA	-383.546128698666	-401.845903941557	NA	NA	NA	NA
Unsuccessful	GCF_000365165.1_Clad_carr_CBS_160_54_V1	Hydrogen bonds	7.68407647881766	NA	7.60045752934156	-395.260176829751	-407.835908535019	NA	-390.069937129482	-400.050548984615	NA	NA	NA	NA
Unsuccessful	GCF_000392275.1_UCRPA7V03	Hydrogen bonds	7.67964583353041	NA	7.55164454702827	-403.345446843649	-408.466050574088	NA	-398.155207143379	-400.680691023685	NA	NA	NA	NA
Unsuccessful	GCF_000400465.1_Wallemia_ichthyophaga_version_1.0	Hydrogen bonds	7.43485819039993	NA	7.25814053127678	-372.36723947454	-385.60449830178	NA	-367.176999774271	-377.819138751377	NA	NA	NA	NA
Unsuccessful	GCF_000403515.1_ASM40351v1	Hydrogen bonds	7.72805596671042	NA	7.67703009653606	-474.014235408412	-509.144597769907	NA	-468.823995708143	-501.359238219503	NA	NA	NA	NA
Unsuccessful	GCF_000409485.1_GLAREA	Hydrogen bonds	7.4923763037292	NA	7.3918544879399	-397.88836194805	-418.180215540813	NA	-392.698122247781	-410.394855990409	NA	NA	NA	NA
Unsuccessful	GCF_000417875.1_Pflocc_1.0	Hydrogen bonds	7.96755999471838	NA	7.85005201367217	-404.095201659994	-425.00890841263	NA	-398.904961959724	-417.223548862226	NA	NA	NA	NA
Unsuccessful	GCF_000439145.1_ASM43914v3	Hydrogen bonds	6.97387823406181	NA	6.92399889786921	-473.528097586218	-471.900577970302	NA	-468.337857885949	-464.115218419899	NA	NA	NA	NA
Unsuccessful	GCF_000464535.1_EPUS	Hydrogen bonds	7.5636975449058	NA	7.50578512396694	-443.933636446845	-455.755480871238	NA	-438.743396746576	-447.970121320834	NA	NA	NA	NA
Unsuccessful	GCF_000497045.1_PSEUBRA1	Hydrogen bonds	7.79496670636008	NA	7.67223604692499	-362.040993775943	-386.270392281448	NA	-356.850754075674	-378.485032731044	NA	NA	NA	NA
Unsuccessful	GCF_000507465.1_Kwon_mang_CBS8507_V2	Hydrogen bonds	7.42722930382968	NA	7.36543632363725	-335.468961942898	-468.157198209197	NA	-330.278722242629	-460.371838658793	NA	NA	NA	NA
Unsuccessful	GCF_000512565.1_Cryp_deje_CBS10117_V1	Hydrogen bonds	7.51590299029081	NA	7.47856204466738	-388.054062779891	-456.767426458752	NA	-382.863823079622	-448.982066908348	NA	NA	NA	NA
Unsuccessful	GCF_000512585.1_Cryp_best_CBS10118_V1	Hydrogen bonds	7.50696268709104	NA	7.47036285778679	-381.01067051659	-464.138960679878	NA	-375.820430816321	-456.353601129474	NA	NA	NA	NA
Unsuccessful	GCF_000512605.1_Cryp_pinu_CBS10737_V1	Hydrogen bonds	7.21869339243674	NA	7.17619235317304	-301.975935403345	-425.284399333788	NA	-296.785695703076	-417.499039783384	NA	NA	NA	NA
Unsuccessful	GCF_000516985.1_PFICI	Hydrogen bonds	7.63985645542778	NA	7.48935323383085	-371.714516308299	-372.328980965444	NA	-366.52427660803	-364.54362141504	NA	NA	NA	NA
Unsuccessful	GCF_000523435.1_Cochliobolus_carbonum_v1.0	Hydrogen bonds	7.62836331547849	NA	7.52900904063899	-394.53791824109	-430.485231124621	NA	-389.34767854082	-422.699871574217	NA	NA	NA	NA
Unsuccessful	GCF_000523455.1_Cochliobolus_miyabeanus_v1.0	Hydrogen bonds	7.62968547912122	NA	7.53177468857194	-380.364444652892	-416.757702591195	NA	-375.174204952623	-408.972343040791	NA	NA	NA	NA
Unsuccessful	GCF_000527765.1_Cochliobolus_victoriae_v1.0	Hydrogen bonds	7.62479382101034	NA	7.5336264873254	-389.87940775949	-424.354108270806	NA	-384.689168059221	-416.568748720403	NA	NA	NA	NA
Successful	GCF_000576695.1_AUH_PRJEB4427_v1	Hydrogen bonds	7.54916110812331	-0.00348238609583204	7.45629040363013	-349.554884734716	-354.897226388119	-352.954816414551	-344.364645034446	-347.111866837715	-342.574337014012	1.64202068458598e-12	0.903839653868352	3.35987149341953e-174
Unsuccessful	GCF_000585515.1_Clad_yegr_CBS_114405_V1	Hydrogen bonds	7.67308212070352	NA	7.58884591899043	-390.3910535276	-403.033298406965	NA	-385.20081382733	-395.247938856561	NA	NA	NA	NA
Unsuccessful	GCF_000585535.1_Clad_psam_CBS_110553_V1	Hydrogen bonds	7.61445883469272	NA	7.5304802955665	-403.600326516178	-419.60066784474	NA	-398.410086815909	-411.815308294337	NA	NA	NA	NA
Unsuccessful	GCF_000585565.1_Capr_epim_CBS_606_96_V1	Hydrogen bonds	7.66976574811396	NA	7.58698643601337	-390.358926337378	-410.601322227721	NA	-385.168686637109	-402.815962677317	NA	NA	NA	NA
Unsuccessful	GCF_000585585.1_Capr_coro_CBS_617_96_V1	Hydrogen bonds	7.6507802753398	NA	7.55796617712506	-396.814892828081	-410.87356698145	NA	-391.624653127812	-403.088207431046	NA	NA	NA	NA
Unsuccessful	GCF_000708205.1_Mixia_osmundae_v1.0	Hydrogen bonds	7.70533519645564	NA	7.66874804870434	-399.013087648759	-482.047980316302	NA	-393.82284794849	-474.262620765898	NA	NA	NA	NA
Unsuccessful	GCF_000709125.1_Exop_aqua_CBS_119918_V1	Hydrogen bonds	7.5691242774754	NA	7.48769291650178	-408.959464117567	-423.380813320051	NA	-403.769224417298	-415.595453769647	NA	NA	NA	NA
Unsuccessful	GCF_000711695.1_Tilletiaria_anomala_UBC_951_v1.0	Hydrogen bonds	7.73199001056973	NA	7.64933628318584	-362.31673770616	-417.216417407761	NA	-357.126498005891	-409.431057857358	NA	NA	NA	NA
Unsuccessful	GCF_000721755.1_Aureobasidium_pullulans_var._subglaciale_EXF-2481_v1.0	Hydrogen bonds	7.59563404173358	NA	7.48698017877963	-407.646710498147	-427.148917869812	NA	-402.456470797878	-419.363558319408	NA	NA	NA	NA
Unsuccessful	GCF_000721765.1_Aureobasidium_pullulans_var._namibiae_CBS_147.97_v1.0	Hydrogen bonds	7.61365835038927	NA	7.51926936973103	-396.934527349774	-429.027718552711	NA	-391.744287649505	-421.242359002308	NA	NA	NA	NA
Unsuccessful	GCF_000721785.1_Aureobasidium_pullulans_var._pullulans_EXF-150_assembly_version_1.0	Hydrogen bonds	7.5934475391543	NA	7.4944089456869	-398.508157290607	-415.799545735628	NA	-393.317917590338	-408.014186185224	NA	NA	NA	NA
Unsuccessful	GCF_000732125.1_ScApio1.0	Hydrogen bonds	7.69437910633412	NA	7.55921692607004	-361.053691139013	-378.966799946093	NA	-355.863451438744	-371.181440395689	NA	NA	NA	NA
Unsuccessful	GCF_000747765.1_ASM74776v1	Hydrogen bonds	7.86507592188634	NA	7.71502042051127	-398.008846093578	-405.287595720608	NA	-392.818606393309	-397.502236170205	NA	NA	NA	NA
Unsuccessful	GCF_000760515.1_UGP1.0	Hydrogen bonds	7.34491184686147	NA	7.27533839551007	-445.720257356509	-451.833721561211	NA	-440.53001765624	-444.048362010807	NA	NA	NA	NA
Unsuccessful	GCF_000769745.1_ASM76974v1	Hydrogen bonds	7.58613155256861	NA	7.46975522835975	-396.447770481783	-403.008571433318	NA	-391.257530781514	-395.223211882914	NA	NA	NA	NA
Unsuccessful	GCF_000803265.1_ASM80326v1	Hydrogen bonds	7.21210281319571	NA	7.14462081128748	-456.884970228726	-462.397164856945	NA	-451.694730528457	-454.611805306541	NA	NA	NA	NA
Unsuccessful	GCF_000814965.1_MBR_1.0	Hydrogen bonds	7.67419012131336	NA	7.57723188682852	-381.727720331869	-399.804938042981	NA	-376.5374806316	-392.019578492577	NA	NA	NA	NA
Unsuccessful	GCF_000835455.1_Fons_pedr_CBS_271_37_V1	Hydrogen bonds	7.64768126979037	NA	7.54237978810106	-408.719356634395	-415.372188835004	NA	-403.529116934126	-407.5868292846	NA	NA	NA	NA
Unsuccessful	GCF_000835475.1_Clad_bant_CBS_173_52_V1	Hydrogen bonds	7.6127743033712	NA	7.52523379554982	-398.101726351226	-413.158821490473	NA	-392.911486650957	-405.373461940069	NA	NA	NA	NA
Unsuccessful	GCF_000835495.1_Clad_immu_CBS83496_V1	Hydrogen bonds	7.65296288153821	NA	7.55338890902501	-431.300412171921	-438.947143970451	NA	-426.110172471652	-431.161784420047	NA	NA	NA	NA
Unsuccessful	GCF_000835505.1_Exop_xeno_CBS118157_V1	Hydrogen bonds	7.60274685900831	NA	7.52208773417624	-419.311833116892	-431.947767768377	NA	-414.121593416623	-424.162408217973	NA	NA	NA	NA
Unsuccessful	GCF_000835515.1_Exop_olig_CBS72588_V1	Hydrogen bonds	7.59199327267478	NA	7.49519341690379	-442.634629391784	-442.682458035945	NA	-437.444389691515	-434.897098485541	NA	NA	NA	NA
Unsuccessful	GCF_000835555.1_Rhin_mack_CBS_650_93_V1	Hydrogen bonds	7.56450270063672	NA	7.50108440267486	-390.444653338603	-409.948432170611	NA	-385.254413638334	-402.163072620207	NA	NA	NA	NA
Unsuccessful	GCF_000836115.1_Exop_spin_CBS89968_V1	Hydrogen bonds	7.62317447396094	NA	7.51809168714516	-402.07078786433	-409.664606742878	NA	-396.880548164061	-401.879247192475	NA	NA	NA	NA
Unsuccessful	GCF_000836275.1_Exop_meso_CBS40295_V1	Hydrogen bonds	7.5693345813178	NA	7.51415140534717	-392.587716713359	-414.250480735124	NA	-387.39747701309	-406.46512118472	NA	NA	NA	NA
Unsuccessful	GCF_000836295.1_O_gall_CBS43764	Hydrogen bonds	7.61261004687406	NA	7.50774603743172	-432.871613622435	-438.302866582461	NA	-427.681373922166	-430.517507032057	NA	NA	NA	NA
Unsuccessful	GCF_000836435.1_Fons_mult_CBS_102226_V1	Hydrogen bonds	7.64577266569869	NA	7.54601682335478	-395.970654269208	-404.623593424652	NA	-390.780414568939	-396.838233874248	NA	NA	NA	NA
Unsuccessful	GCF_000938715.1_LALA0	Hydrogen bonds	7.39671602113491	NA	7.31444130697862	-457.683166648139	-457.886421283097	NA	-452.49292694787	-450.101061732694	NA	NA	NA	NA
Unsuccessful	GCF_000961545.1_S_schenckii_v1	Hydrogen bonds	7.83517175036153	NA	7.66031413612565	-375.234815053308	-374.98883209924	NA	-370.044575353039	-367.203472548837	NA	NA	NA	NA
Unsuccessful	GCF_000968595.1_ASM96859v1	Hydrogen bonds	7.67528339682759	NA	7.57522964840038	-449.483160546526	-451.203803430369	NA	-444.292920846257	-443.418443879965	NA	NA	NA	NA
Successful	GCF_000988165.1_ASM98816v1	Hydrogen bonds	6.84167181330434	0.124028115576652	6.70489275736286	-417.201739219422	-426.326063711595	-489.14166143548	-412.011499519153	-418.540704161192	-478.761182034942	1.42281272703394e-237	1.39059664137341e-06	6.79636945848666e-148
Unsuccessful	GCF_001027345.1_Triol1	Hydrogen bonds	7.90348699148041	NA	7.82960609911055	-438.653709782133	-463.758811764658	NA	-433.463470081864	-455.973452214254	NA	NA	NA	NA
Unsuccessful	GCF_001204775.1_ASM120477v1	Hydrogen bonds	7.59603955377396	NA	7.48398179163446	-411.104342707217	-420.32714167944	NA	-405.914103006948	-412.541782129036	NA	NA	NA	NA
Unsuccessful	GCF_001278385.1_MalaPachy	Hydrogen bonds	7.66536422978751	NA	7.59856719367589	-346.507011808211	-395.083412672323	NA	-341.316772107942	-387.298053121919	NA	NA	NA	NA
Unsuccessful	GCF_001298625.1_SEUB3.0	Hydrogen bonds	7.30537786393508	NA	7.16573305002897	-411.419379634137	-409.79180073026	NA	-406.229139933868	-402.006441179856	NA	NA	NA	NA
Unsuccessful	GCF_001299255.1_ASM129925v1	Hydrogen bonds	7.65207302393069	NA	7.58058435438266	-363.419093376946	-385.395755830079	NA	-358.228853676677	-377.610396279676	NA	NA	NA	NA
Unsuccessful	GCF_001329695.1_Rhoba1_1	Hydrogen bonds	8.05596309122734	NA	7.99956946039036	-454.745324950015	-483.001941920536	NA	-449.555085249746	-475.216582370132	NA	NA	NA	NA
Unsuccessful	GCF_001417885.1_Kmar_1.0	Hydrogen bonds	7.2938777176409	NA	7.18385557169537	-444.608125330299	-442.863630857344	NA	-439.41788563003	-435.07827130694	NA	NA	NA	NA
Unsuccessful	GCF_001447935.1_debFab1.0	Hydrogen bonds	7.13758106411161	NA	7.04214760405736	-447.744624881778	-447.449789375848	NA	-442.554385181508	-439.664429825444	NA	NA	NA	NA
Unsuccessful	GCF_001477535.1_Pneu_jiro_RU7_V2	Hydrogen bonds	7.01569152620642	NA	6.95070422535211	-499.41432502451	-501.714733098492	NA	-494.224085324241	-493.929373548089	NA	NA	NA	NA
Unsuccessful	GCF_001477545.1_Pneu_cari_B80_V3	Hydrogen bonds	6.97649161265726	NA	6.92383720930233	-456.649469339034	-459.940682451784	NA	-451.459229638765	-452.15532290138	NA	NA	NA	NA
Unsuccessful	GCF_001481775.2_TGAM01v2	Hydrogen bonds	7.64428239749687	NA	7.50585041654966	-370.232098892092	-386.523702235247	NA	-365.041859191823	-378.738342684843	NA	NA	NA	NA
Unsuccessful	GCF_001500285.1_Phisc1	Hydrogen bonds	7.50981015039165	NA	7.42421666949969	-424.332371859306	-447.988833327101	NA	-419.142132159037	-440.203473776697	NA	NA	NA	NA
Unsuccessful	GCF_001548555.1_ASM154855v1	Hydrogen bonds	7.24393202974635	NA	7.13727729556875	-438.182974525815	-437.081548133709	NA	-432.992734825546	-429.296188583305	NA	NA	NA	NA
Unsuccessful	GCF_001619985.1_Xylona_heveae_TC161_v1.0	Hydrogen bonds	7.55803576171605	NA	7.50887880751782	-375.257313895168	-404.70583710073	NA	-370.067074194899	-396.920477550326	NA	NA	NA	NA
Successful	GCF_001636725.1_ISF_1.0	Hydrogen bonds	7.83726298418361	0.21014639423394	7.70126664350914	-374.572979587955	-379.456496144655	-388.820462048008	-369.382739887686	-371.671136594251	-378.43998264747	6.82527285979479e-226	0.0318279091002394	2.6327336415091e-111
Successful	GCF_001638985.1_Phybl2	Hydrogen bonds	7.29764169227359	0.144627251204362	7.23365627446361	-495.969719116389	-499.956021094541	-515.686537092577	-490.77947941612	-492.170661544138	-505.306057692039	2.93897503159281e-247	0.0138435896637576	1.30688273265615e-150
Unsuccessful	GCF_001640025.1_ASM164002v2	Hydrogen bonds	7.3615664845173	NA	7.30904022301872	-384.978856361903	-430.95894834199	NA	-379.788616661634	-423.173588791586	NA	NA	NA	NA
Unsuccessful	GCF_001641265.1_ASM164126v1	Hydrogen bonds	7.64881744037305	NA	7.5289429994466	-426.590928493943	-427.185072458369	NA	-421.400688793674	-419.399712907965	NA	NA	NA	NA
Unsuccessful	GCF_001642045.1_Parsp1	Hydrogen bonds	7.69927661201406	NA	7.62220954282861	-408.831332163181	-439.168986276547	NA	-403.641092462912	-431.383626726143	NA	NA	NA	NA
Unsuccessful	GCF_001642055.1_Altal1	Hydrogen bonds	7.61496293606773	NA	7.51266165879346	-386.476417619903	-420.335591387094	NA	-381.286177919634	-412.550231836691	NA	NA	NA	NA
Unsuccessful	GCF_001642475.1_ASM164247v1	Hydrogen bonds	7.64795136684979	NA	7.54205607476636	-401.564485877941	-408.269155099697	NA	-396.374246177672	-400.483795549293	NA	NA	NA	NA
Unsuccessful	GCF_001646965.1_ASM164696v1	Hydrogen bonds	7.6503274899269	NA	7.54978169677254	-401.975784506826	-411.250348149018	NA	-396.785544806557	-403.464988598614	NA	NA	NA	NA
Unsuccessful	GCF_001651985.1_ASM165198v1	Hydrogen bonds	7.67196568256371	NA	7.57607872823619	-411.859572659118	-417.971938825671	NA	-406.669332958849	-410.186579275268	NA	NA	NA	NA
Unsuccessful	GCF_001653235.2_ASM165323v2	Hydrogen bonds	7.5864134102151	NA	7.49256868338087	-363.835502089553	-386.900413432058	NA	-358.645262389284	-379.115053881654	NA	NA	NA	NA
Unsuccessful	GCF_001653265.1_ASM165326v1	Hydrogen bonds	7.86424229622562	NA	7.7507639762718	-390.194229201021	-412.037492170536	NA	-385.003989500752	-404.252132620133	NA	NA	NA	NA
Unsuccessful	GCF_001661235.1_Picme2	Hydrogen bonds	7.46643187459835	NA	7.35933897002306	-415.336219800358	-415.466314043102	NA	-410.145980100089	-407.680954492698	NA	NA	NA	NA
Unsuccessful	GCF_001661255.1_Wican1	Hydrogen bonds	7.07380630940901	NA	7.00873949579832	-277.211115895417	-395.140536004371	NA	-272.020876195148	-387.355176453967	NA	NA	NA	NA
Unsuccessful	GCF_001661265.1_Saico1	Hydrogen bonds	7.629438437391	NA	7.54878419452888	-398.238791622367	-434.945102178871	NA	-393.048551922097	-427.159742628467	NA	NA	NA	NA
Successful	GCF_001661335.1_Babin1	Hydrogen bonds	7.58204769827917	0.179441254480387	7.28828491719857	-332.443160523542	-340.219600260774	-435.782872668326	-327.252920823273	-332.434240710371	-425.402393267788	1.63141239402443e-233	1.04585413400058e-09	9.54906305147246e-127
Unsuccessful	GCF_001661345.1_Ascru1	Hydrogen bonds	7.08819152612339	NA	7.02557333773305	-347.387052624384	-483.276578510295	NA	-342.196812924115	-475.491218959891	NA	NA	NA	NA
Unsuccessful	GCF_001661395.1_Hypbu1	Hydrogen bonds	7.12409571180504	NA	7.05062836624776	-286.514479069965	-387.87095932727	NA	-281.324239369696	-380.085599776866	NA	NA	NA	NA
Unsuccessful	GCF_001661405.1_Cybja1	Hydrogen bonds	7.45535549413347	NA	7.31467906311461	-410.60389639171	-409.782632958729	NA	-405.413656691441	-401.997273408325	NA	NA	NA	NA
Successful	GCF_001661415.1_Canta1	Hydrogen bonds	7.54401221310956	-0.0126543532269233	7.52472247590705	-362.563977059433	-374.048623952092	-372.756636748249	-357.373737359164	-366.263264401688	-362.376157347711	3.63233108563308e-105	0.550008532007206	1.18343193427573e-183
Unsuccessful	GCF_001662655.1_ASM166265v1	Hydrogen bonds	7.6402229941195	NA	7.49757234414449	-370.510530042921	-382.889470997739	NA	-365.320290342651	-375.104111447335	NA	NA	NA	NA
Unsuccessful	GCF_001664035.1_Metbi1	Hydrogen bonds	7.56973289261019	NA	7.46664195700519	-432.218774363141	-430.231955790238	NA	-427.028534662872	-422.446596239834	NA	NA	NA	NA
Successful	GCF_001664045.1_Hanpo2	Hydrogen bonds	7.50104202797092	-0.023165425358546	7.49753297271708	-398.7888837561	-403.467668639354	-403.008693707613	-393.598644055831	-395.68230908895	-392.628214307075	5.90264599687534e-158	0.448860371908225	1.62634482608443e-195
Successful	GCF_001672515.1_ASM167251v1	Hydrogen bonds	7.79514940834583	0.219873855783611	7.68863602359545	-405.542845821674	-405.583354777996	-415.458233117882	-400.352606121405	-397.797995227593	-405.077753717343	1.69443441690397e-231	0.0630330992045496	1.52441215519331e-114
Unsuccessful	GCF_001720155.1_Tsuc_wing_CBS7118_V1	Hydrogen bonds	7.7032185597488	NA	7.64569536423841	-277.60655180697	-404.543670357123	NA	-272.4163121067	-396.758310806719	NA	NA	NA	NA
Unsuccessful	GCF_001720205.1_Cryp_amyl_CBS6039_V3	Hydrogen bonds	7.69650681477309	NA	7.64312824610467	-306.619555300951	-425.433885050237	NA	-301.429315600682	-417.648525499834	NA	NA	NA	NA
Unsuccessful	GCF_001773325.1_ASM177332v1	Hydrogen bonds	7.60777165389866	NA	7.49819339298004	-385.441912679774	-402.502401827534	NA	-380.251672979505	-394.71704227713	NA	NA	NA	NA
Unsuccessful	GCF_001792695.1_ASM179269v1	Hydrogen bonds	7.59776046313044	NA	7.48934930936928	-399.871440473078	-413.476477711421	NA	-394.681200772809	-405.691118161017	NA	NA	NA	NA
Unsuccessful	GCF_001831195.1_CORC01	Hydrogen bonds	7.71868421678766	NA	7.58597509739516	-395.670171715474	-397.567909821295	NA	-390.479932015204	-389.782550270892	NA	NA	NA	NA
Unsuccessful	GCF_001883845.1_ASM188384v1	Hydrogen bonds	7.8524513069114	NA	7.7535741158766	-400.68724297565	-421.620855123311	NA	-395.497003275381	-413.835495572908	NA	NA	NA	NA
Unsuccessful	GCF_001890105.1_Aspzo1	Hydrogen bonds	7.70108770745409	NA	7.55819908247093	-422.015150021383	-420.9113293345	NA	-416.824910321114	-413.125969784097	NA	NA	NA	NA
Unsuccessful	GCF_001890805.1_Aspgl1	Hydrogen bonds	7.60503995098487	NA	7.49606072252114	-401.565923389622	-420.169639572917	NA	-396.375683689353	-412.384280022513	NA	NA	NA	NA
Unsuccessful	GCF_001890905.1_Aspac1	Hydrogen bonds	7.72142973849853	NA	7.58063597532036	-417.37803341168	-416.858008235859	NA	-412.18779371141	-409.072648685455	NA	NA	NA	NA
Unsuccessful	GCF_001907595.1_ASM190759v1	Hydrogen bonds	7.56973631916039	NA	7.4880926839734	-351.249711386565	-397.119168276402	NA	-346.059471686295	-389.333808725998	NA	NA	NA	NA
Unsuccessful	GCF_002102565.1_Kocim1	Hydrogen bonds	7.57952024228797	NA	7.55045486354094	-416.910045645341	-473.796929389176	NA	-411.719805945072	-466.011569838772	NA	NA	NA	NA
Unsuccessful	GCF_002105155.1_Lobtra1	Hydrogen bonds	7.40279439754618	NA	7.3329107045825	-452.539384453203	-480.540143768203	NA	-447.349144752934	-472.754784217799	NA	NA	NA	NA
Unsuccessful	GCF_002117355.1_PosplRSB12_1	Hydrogen bonds	7.69430416796207	NA	7.64274730907227	-546.832316332479	-546.566801573825	NA	-541.64207663221	-538.781442023421	NA	NA	NA	NA
Unsuccessful	GCF_002237265.1_ASM223726v2	Hydrogen bonds	7.63675061586082	NA	7.49592290585619	-415.525557876116	-413.798844646619	NA	-410.335318175846	-406.013485096215	NA	NA	NA	NA
Successful	GCF_002251995.1_ASM225199v2	Hydrogen bonds	7.56423941663835	0.199927167216396	7.44803848755062	-361.842444458841	-359.862304974045	-370.106967815332	-356.652204758572	-352.076945423641	-359.726488414794	3.21209318916016e-220	0.0821231747525695	3.59128623544064e-108
Successful	GCF_002708625.1_Rhimi1_1	Hydrogen bonds	7.22098577727454	0.0331526405148844	7.16067776466703	-481.967282488428	-539.881299098196	-547.648966187533	-476.777042788158	-532.095939547792	-537.268486786995	8.52552572069601e-211	0.00108283120271637	2.11767591251111e-195
Unsuccessful	GCF_002742065.1_CB0940_V2	Hydrogen bonds	7.64225980493166	NA	7.5763099811984	-340.604269305297	-398.959954562221	NA	-335.414029605028	-391.174595011818	NA	NA	NA	NA
Unsuccessful	GCF_002775015.1_Cand_auris_B11221_V1	Hydrogen bonds	7.4471790347628	NA	7.38315517876889	-389.580557769249	-415.385851371135	NA	-384.39031806898	-407.600491820731	NA	NA	NA	NA
Unsuccessful	GCF_002847045.1_Aspcand1	Hydrogen bonds	7.72263903578354	NA	7.57123655913978	-414.70724153381	-414.383871663327	NA	-409.517001833541	-406.598512112923	NA	NA	NA	NA
Unsuccessful	GCF_002847465.1_Aspnov1	Hydrogen bonds	7.61845867178196	NA	7.49474467491396	-435.761317493771	-433.765384330406	NA	-430.571077793502	-425.980024780002	NA	NA	NA	NA
Unsuccessful	GCF_002847485.1_Aspcam1	Hydrogen bonds	7.7252843988208	NA	7.58032894020259	-425.366243793088	-424.124980097619	NA	-420.176004092819	-416.339620547215	NA	NA	NA	NA
Unsuccessful	GCF_002849105.1_Aspste1	Hydrogen bonds	7.6825993612256	NA	7.55286984640259	-425.789692199129	-424.439122226106	NA	-420.59945249886	-416.653762675702	NA	NA	NA	NA
Unsuccessful	GCF_002865645.1_Melbi2	Hydrogen bonds	7.54688089239291	NA	7.46351406441093	-417.596989336842	-454.760036077787	NA	-412.406749636572	-446.974676527383	NA	NA	NA	NA
Unsuccessful	GCF_002926055.2_CanHae_1.0	Hydrogen bonds	7.4292777078538	NA	7.34901886073538	-367.944025250409	-399.33780630151	NA	-362.75378555014	-391.552446751106	NA	NA	NA	NA
Unsuccessful	GCF_002926085.2_CanDuoHae_v1.0	Hydrogen bonds	7.47396764418749	NA	7.39501160092807	-380.990112185095	-391.463175771335	NA	-375.799872484826	-383.677816220932	NA	NA	NA	NA
Unsuccessful	GCF_003013735.1_Cand_pseudohaemulonii_B12108	Hydrogen bonds	7.4836017667743	NA	7.39801285797779	-373.660947256968	-387.53768009138	NA	-368.470707556699	-379.752320540977	NA	NA	NA	NA
Unsuccessful	GCF_003019875.1_Amore1	Hydrogen bonds	7.60704667904528	NA	7.5064038311616	-389.724765679957	-417.123718628728	NA	-384.534525979688	-409.338359078324	NA	NA	NA	NA
Unsuccessful	GCF_003025095.1_Triha_v1.0	Hydrogen bonds	7.61830589025638	NA	7.51250575418137	-384.838069600784	-402.68464717829	NA	-379.647829900515	-394.899287627886	NA	NA	NA	NA
Unsuccessful	GCF_003025105.1_Trias_v._1.0	Hydrogen bonds	7.61826002523602	NA	7.51521720280933	-376.665900563303	-400.912872462504	NA	-371.475660863034	-393.1275129121	NA	NA	NA	NA
Unsuccessful	GCF_003025115.1_Trici_v4.0	Hydrogen bonds	7.78785240045573	NA	7.63962019853258	-395.769490195496	-401.586231837862	NA	-390.579250495227	-393.800872287458	NA	NA	NA	NA
Successful	GCF_003054445.1_ASM305444v1	Hydrogen bonds	7.33319078081244	-0.00766204376117611	7.2720591747627	-398.093406739468	-444.346319049503	-442.925020531417	-392.903167039199	-436.560959499099	-432.544541130879	1.016020865362e-77	0.451651279733014	2.83465397036998e-194
Unsuccessful	GCF_003144115.1_Tilwa1	Hydrogen bonds	8.09885282630786	NA	8.0386855862584	-354.948744963537	-471.117761678481	NA	-349.758505263267	-463.332402128077	NA	NA	NA	NA
Unsuccessful	GCF_003144135.1_Rhodsp1	Hydrogen bonds	7.71370163123869	NA	7.67257887301836	-358.68230983835	-444.556360206818	NA	-353.492070138081	-436.771000656414	NA	NA	NA	NA
Unsuccessful	GCF_003144195.1_Cersp1	Hydrogen bonds	7.70380400316068	NA	7.65509761388286	-380.176828577398	-445.316839455609	NA	-374.986588877129	-437.531479905206	NA	NA	NA	NA
Unsuccessful	GCF_003144205.1_Meimi1	Hydrogen bonds	7.2936422837124	NA	7.26078376092472	-381.943728533293	-426.297681587886	NA	-376.753488833024	-418.512322037483	NA	NA	NA	NA
Unsuccessful	GCF_003144245.1_Jamsp1	Hydrogen bonds	7.77957144109507	NA	7.73964858670741	-400.808873376025	-452.770148788667	NA	-395.618633675756	-444.984789238263	NA	NA	NA	NA
Unsuccessful	GCF_003144295.1_Acain1	Hydrogen bonds	7.81497842519512	NA	7.7224171539961	-389.78287217596	-439.704668715173	NA	-384.592632475691	-431.919309164769	NA	NA	NA	NA
Unsuccessful	GCF_003184525.1_Aspscl1	Hydrogen bonds	7.65144144397036	NA	7.54220890410959	-392.278135718028	-420.616015022945	NA	-387.087896017759	-412.830655472541	NA	NA	NA	NA
Unsuccessful	GCF_003184535.1_Aspeuc1	Hydrogen bonds	7.62695139976357	NA	7.52166919846305	-392.318569996121	-414.409805241442	NA	-387.128330295852	-406.624445691038	NA	NA	NA	NA
Unsuccessful	GCF_003184545.1_Asphet1	Hydrogen bonds	7.74744691620026	NA	7.63486548198154	-433.337700631386	-439.494960170623	NA	-428.147460931117	-431.70960062022	NA	NA	NA	NA
Unsuccessful	GCF_003184585.1_Aspsac1	Hydrogen bonds	7.68540787176033	NA	7.55237091675448	-426.070843658302	-424.092352395642	NA	-420.880603958033	-416.306992845238	NA	NA	NA	NA
Unsuccessful	GCF_003184595.1_Asplac1	Hydrogen bonds	7.62330783873895	NA	7.5240404040404	-404.572590480757	-428.091493382436	NA	-399.382350780488	-420.306133832033	NA	NA	NA	NA
Unsuccessful	GCF_003184625.1_Aspneo1	Hydrogen bonds	7.62932985191845	NA	7.52697537996622	-390.008999450471	-414.825130693143	NA	-384.818759750202	-407.039771142739	NA	NA	NA	NA
Unsuccessful	GCF_003184695.1_Aspbru1	Hydrogen bonds	7.71973900824267	NA	7.57330992098332	-424.369782056202	-428.618323767202	NA	-419.179542355933	-420.832964216798	NA	NA	NA	NA
Unsuccessful	GCF_003184745.1_Aspuva1	Hydrogen bonds	7.70980634326097	NA	7.57718711494455	-430.758720871524	-431.23259889039	NA	-425.568481171255	-423.447239339986	NA	NA	NA	NA
Unsuccessful	GCF_003184755.1_Asppip1	Hydrogen bonds	7.62766883401351	NA	7.53419479606188	-388.78819767219	-413.084527774935	NA	-383.597957971921	-405.299168224531	NA	NA	NA	NA
Unsuccessful	GCF_003184765.1_Aspacu1	Hydrogen bonds	7.72350282762082	NA	7.5713533900535	-418.312540120617	-422.146229011507	NA	-413.122300420348	-414.360869461103	NA	NA	NA	NA
Unsuccessful	GCF_003184785.1_Aspjap1	Hydrogen bonds	7.72490736682847	NA	7.58287365379564	-424.888074151247	-427.885978492472	NA	-419.697834450978	-420.100618942068	NA	NA	NA	NA
Unsuccessful	GCF_003184835.1_Aspcos1	Hydrogen bonds	7.62946249570655	NA	7.53081441220303	-388.23969184268	-411.433178399085	NA	-383.04945214241	-403.647818848681	NA	NA	NA	NA
Unsuccessful	GCF_003184845.1_Aspibe1	Hydrogen bonds	7.68326891465636	NA	7.57407407407407	-391.044917984182	-421.375217345095	NA	-385.854678283913	-413.589857794692	NA	NA	NA	NA
Unsuccessful	GCF_003184865.1_Asphom1	Hydrogen bonds	7.68517265852821	NA	7.55137081140958	-432.134920044246	-430.217273907632	NA	-426.944680343977	-422.431914357228	NA	NA	NA	NA
Unsuccessful	GCF_003184925.1_Aspvad1	Hydrogen bonds	7.62556821193571	NA	7.51446299047453	-388.423365716834	-410.204715200753	NA	-383.233126016565	-402.419355650349	NA	NA	NA	NA
Unsuccessful	GCF_003290485.1_ASM329048v1	Hydrogen bonds	7.68001320071222	NA	7.59808052434457	-306.707435845448	-343.281253068627	NA	-301.517196145179	-335.495893518223	NA	NA	NA	NA
Unsuccessful	GCF_003327735.1_ASM332773v1	Hydrogen bonds	7.44870351994572	NA	7.23960549216786	-314.903910107494	-336.589927673597	NA	-309.713670407225	-328.804568123193	NA	NA	NA	NA
Unsuccessful	GCF_003344945.1_Aspwel1	Hydrogen bonds	7.62506077209236	NA	7.52257580806398	-402.495844223925	-427.968628180954	NA	-397.305604523656	-420.18326863055	NA	NA	NA	NA
Unsuccessful	GCF_003369625.1_ASM336962v1	Hydrogen bonds	7.68663929209949	NA	7.57689942907334	-384.643042069142	-401.021239032485	NA	-379.452802368873	-393.235879482081	NA	NA	NA	NA
Unsuccessful	GCF_003711515.1_Sodal1	Hydrogen bonds	7.73637325347071	NA	7.61554192229039	-417.923851993006	-421.415407008305	NA	-412.733612292736	-413.630047457901	NA	NA	NA	NA
Unsuccessful	GCF_003724135.1_ASM372413v1	Hydrogen bonds	7.78771613412654	NA	7.63612479474548	-386.524052141207	-384.606037972748	NA	-381.333812440938	-376.820678422344	NA	NA	NA	NA
Unsuccessful	GCF_003851025.1_SCP_1.1	Hydrogen bonds	7.65017783410327	NA	7.58171238570241	-522.84826614799	-520.882371914944	NA	-517.658026447721	-513.09701236454	NA	NA	NA	NA
Unsuccessful	GCF_003942205.1_ASM394220v1	Hydrogen bonds	7.85885577887863	NA	7.80133499264623	-411.318514401971	-449.452111483172	NA	-406.128274701702	-441.666751932768	NA	NA	NA	NA
Unsuccessful	GCF_004022145.1_Paevar1	Hydrogen bonds	7.5988011827649	NA	7.50528541226216	-376.855543994748	-412.247085443412	NA	-371.665304294478	-404.461725893008	NA	NA	NA	NA
Unsuccessful	GCF_004154835.1_ASM415483v1	Hydrogen bonds	7.61979553133853	NA	7.5105306122449	-380.493774229906	-414.03237987638	NA	-375.303534529637	-406.247020325976	NA	NA	NA	NA
Successful	GCF_004337985.1_ASM433798v1	Hydrogen bonds	7.74258024066928	0.195600756025847	7.60644676036725	-371.514223956647	-377.678591639008	-387.433929381899	-366.323984256378	-369.893232088604	-377.053449981361	1.01331104369264e-224	0.0244719412530772	9.6178409080828e-114
Unsuccessful	GCF_005498985.1_PGRAM_IIB_1.0	Hydrogen bonds	7.76441379031361	NA	7.63463911165947	-375.373409040138	-386.823228476018	NA	-370.183169339868	-379.037868925614	NA	NA	NA	NA
Unsuccessful	GCF_900007375.1_ASM90000737v1	Hydrogen bonds	7.54382542264443	NA	7.42267723808791	-372.673151126538	-388.033534551877	NA	-367.482911426269	-380.248175001473	NA	NA	NA	NA
Unsuccessful	GCF_900074925.1_version_1	Hydrogen bonds	7.63394222483119	NA	7.54301075268817	-360.762536046893	-406.967639572933	NA	-355.572296346624	-399.182280022529	NA	NA	NA	NA
Unsuccessful	GCF_900079805.1_Fusarium_fujikuroi_IMI58289_V2	Hydrogen bonds	7.56545017903753	NA	7.4497164199751	-357.095435750053	-381.852575193724	NA	-351.905196049784	-374.06721564332	NA	NA	NA	NA
